82
1 18 2 2
4 16 2 2
5 15 2 2
8 13 2 2
9 11 2 2
2 18 3 3
3 17 3 3
4 15 3 3
5 14 3 3
7 10 3 3
8 9 3 3
2 17 4 4
3 16 4 4
4 14 4 4
5 13 4 4
7 10 4 4
8 9 4 4
2 10 5 5
3 9 5 5
4 7 5 5
5 6 5 5
1 11 6 6
4 8 6 6
5 7 6 6
1 15 8 8
4 12 8 8
5 11 8 8
8 8 8 8
3 15 9 9
4 14 9 9
5 11 9 9
6 10 9 9
7 9 9 9
8 8 9 9
1 14 10 10
4 13 10 10
5 11 10 10
6 10 10 10
7 9 10 10
8 8 10 10
1 13 11 11
2 12 11 11
5 11 11 11
6 10 11 11
7 9 11 11
8 8 11 11
1 15 12 12
4 12 12 12
5 10 12 12
8 8 12 12
1 18 14 14
2 17 14 14
3 13 14 14
4 12 14 14
5 9 14 14
8 8 14 14
1 19 15 15
2 18 15 15
3 17 15 15
4 16 15 15
5 13 15 15
6 12 15 15
9 9 15 15
1 19 16 16
4 18 16 16
5 17 16 16
8 16 16 16
9 13 16 16
10 12 16 16
1 19 17 17
2 18 17 17
3 17 17 17
4 16 17 17
5 13 17 17
6 12 17 17
9 9 17 17
1 18 18 18
2 17 18 18
3 15 18 18
4 12 18 18
5 11 18 18
8 8 18 18