837
1 12 65 128
13 13 32 128
13 13 33 64
14 14 28 128
14 14 29 64
14 14 30 33
14 14 31 32
15 15 26 128
15 15 28 64
15 15 34 41
16 16 24 128
16 16 26 64
16 16 33 41
16 16 34 40
16 16 35 36
17 17 32 128
17 17 34 85
17 17 41 84
17 17 42 80
17 17 57 78
17 17 58 64
18 18 22 128
18 18 23 87
18 18 25 79
18 18 26 76
18 18 30 73
18 18 31 64
18 18 32 58
18 18 33 57
18 18 41 49
18 18 42 47
19 19 29 128
19 19 32 87
19 19 59 83
19 19 60 82
19 19 65 80
19 19 72 79
19 19 73 78
20 20 24 128
20 20 25 88
20 20 29 83
20 20 31 80
20 20 41 79
20 20 42 76
20 20 50 74
20 20 51 64
20 20 59 59
21 21 19 128
21 21 20 90
21 21 27 83
21 21 30 80
21 21 41 79
21 21 42 76
21 21 47 74
21 21 48 64
21 21 60 60
22 22 26 128
22 22 29 90
22 22 41 85
22 22 42 80
22 22 48 77
22 22 50 76
22 22 65 75
22 22 71 74
23 23 21 128
23 23 22 90
23 23 25 85
23 23 27 80
23 23 41 78
23 23 42 76
23 23 61 75
23 23 62 64
24 24 16 128
24 24 17 90
24 24 20 84
24 24 21 80
24 24 25 76
24 24 27 74
24 24 40 71
24 24 42 70
24 24 65 69
25 25 16 128
25 25 17 89
25 25 39 84
25 25 41 80
25 25 61 75
25 25 62 74
25 25 65 72
25 25 69 70
26 26 15 128
26 26 16 87
26 26 20 83
26 26 21 80
26 26 23 79
26 26 24 77
26 26 25 76
26 26 27 74
26 26 38 71
26 26 40 70
26 26 61 68
26 26 62 67
26 26 65 66
27 27 23 128
27 27 24 87
27 27 38 86
27 27 40 84
27 27 61 79
27 27 62 78
27 27 65 77
27 27 69 76
27 27 71 73
28 28 15 128
28 28 17 84
28 28 22 79
28 28 24 77
28 28 35 76
28 28 42 75
28 28 65 74
28 28 69 72
29 29 14 128
29 29 15 78
29 29 16 73
29 29 18 72
29 29 30 69
29 29 32 64
29 29 33 62
29 29 35 61
29 29 36 40
30 30 16 128
30 30 20 81
30 30 23 79
30 30 24 78
30 30 29 77
30 30 30 64
30 30 31 61
30 30 42 60
31 31 16 128
31 31 19 64
31 31 21 60
31 31 22 59
31 31 23 47
31 31 24 46
31 31 30 41
31 31 32 35
31 31 33 34
32 32 13 128
32 32 14 80
32 32 16 74
32 32 17 73
32 32 18 71
32 32 19 64
32 32 21 60
32 32 23 58
32 32 24 47
32 32 26 46
32 32 29 41
32 32 30 30
33 33 13 128
33 33 14 90
33 33 18 82
33 33 19 80
33 33 21 79
33 33 26 78
33 33 27 72
33 33 42 71
33 33 47 70
33 33 48 64
33 33 50 60
33 33 51 58
34 34 14 128
34 34 16 89
34 34 18 88
34 34 19 87
34 34 21 86
34 34 24 84
34 34 25 81
34 34 42 80
34 34 49 74
34 34 50 73
34 34 58 70
34 34 59 64
35 35 14 128
35 35 16 89
35 35 17 87
35 35 18 86
35 35 22 81
35 35 25 79
35 35 26 77
35 35 27 76
35 35 28 71
35 35 34 64
35 35 35 57
35 35 37 55
35 35 38 40
36 36 15 128
36 36 17 89
36 36 22 88
36 36 23 85
36 36 25 82
36 36 35 79
36 36 36 76
36 36 41 75
36 36 57 74
36 36 58 73
36 36 65 71
37 37 15 128
37 37 16 89
37 37 24 88
37 37 37 85
37 37 38 82
37 37 41 79
37 37 55 78
37 37 56 73
37 37 57 72
37 37 58 64
38 38 15 128
38 38 16 90
38 38 24 86
38 38 37 82
38 38 38 81
38 38 39 80
38 38 40 79
38 38 41 72
38 38 58 70
38 38 59 64
39 39 25 128
39 39 38 90
39 39 60 87
39 39 61 86
39 39 65 85
39 39 71 82
39 39 74 81
39 39 78 80
40 40 15 128
40 40 16 89
40 40 23 85
40 40 38 84
40 40 60 83
40 40 62 80
40 40 65 78
40 40 71 72
41 41 14 128
41 41 17 89
41 41 23 87
41 41 35 86
41 41 62 84
41 41 63 82
41 41 65 81
41 41 74 78
41 41 75 77
42 42 16 128
42 42 18 90
42 42 23 87
42 42 34 82
42 42 48 81
42 42 49 79
42 42 50 78
42 42 51 77
42 42 63 71
43 43 16 128
43 43 18 90
43 43 22 88
43 43 34 83
43 43 65 81
43 43 72 79
43 43 74 74
44 44 13 128
44 44 14 90
44 44 17 88
44 44 19 82
44 44 21 81
44 44 34 80
44 44 65 70
45 45 13 128
45 45 14 88
45 45 17 86
45 45 18 84
45 45 19 83
45 45 24 82
45 45 25 81
45 45 34 80
45 45 40 74
45 45 42 73
45 45 51 70
45 45 52 65
45 45 64 64
46 46 14 128
46 46 15 89
46 46 16 87
46 46 17 83
46 46 18 82
46 46 35 79
46 46 39 76
46 46 40 75
46 46 42 74
46 46 43 65
46 46 49 49
47 47 15 128
47 47 16 65
47 47 18 43
47 47 35 42
47 47 38 41
47 47 40 40
48 48 14 128
48 48 34 90
48 48 37 89
48 48 40 88
48 48 43 87
48 48 45 83
48 48 66 82
48 48 79 79
49 49 15 128
49 49 33 89
49 49 37 88
49 49 39 87
49 49 44 85
49 49 46 84
49 49 66 83
49 49 73 79
49 49 74 78
49 49 77 77
50 50 15 128
50 50 16 89
50 50 17 88
50 50 32 85
50 50 35 83
50 50 36 79
50 50 43 76
50 50 44 72
50 50 45 70
50 50 46 65
50 50 64 64
51 51 15 128
51 51 27 89
51 51 28 86
51 51 29 85
51 51 36 84
51 51 37 79
51 51 45 77
51 51 46 76
51 51 66 75
51 51 71 74
52 52 16 128
52 52 28 89
52 52 29 88
52 52 30 87
52 52 34 84
52 52 35 83
52 52 36 82
52 52 37 79
52 52 45 76
52 52 46 75
52 52 64 74
52 52 71 73
53 53 14 128
53 53 15 90
53 53 18 88
53 53 29 85
53 53 35 84
53 53 36 83
53 53 44 82
53 53 47 80
53 53 56 78
53 53 57 77
53 53 63 76
53 53 74 75
54 54 14 128
54 54 15 90
54 54 17 89
54 54 27 88
54 54 33 85
54 54 34 84
54 54 46 81
54 54 47 78
54 54 54 76
54 54 55 75
54 54 57 73
54 54 58 72
54 54 65 71
55 55 18 128
55 55 24 90
55 55 34 86
55 55 35 84
55 55 45 82
55 55 47 78
55 55 53 72
55 55 54 64
56 56 13 128
56 56 16 90
56 56 18 82
56 56 24 79
56 56 27 76
56 56 28 75
56 56 30 70
56 56 31 64
56 56 44 57
56 56 46 56
56 56 48 54
56 56 49 53
57 57 13 128
57 57 16 90
57 57 18 87
57 57 24 79
57 57 26 77
57 57 27 73
57 57 32 70
57 57 34 68
57 57 43 65
57 57 44 64
57 57 45 55
57 57 50 54
58 58 13 128
58 58 18 90
58 58 20 87
58 58 22 77
58 58 26 76
58 58 27 74
58 58 33 71
58 58 34 67
58 58 39 48
58 58 40 45
58 58 42 44
58 58 43 43
59 59 14 128
59 59 18 90
59 59 21 89
59 59 22 88
59 59 39 87
59 59 40 86
59 59 43 84
59 59 44 83
59 59 46 81
59 59 50 79
59 59 64 77
59 59 65 74
59 59 69 72
60 60 14 128
60 60 18 89
60 60 21 87
60 60 22 86
60 60 25 85
60 60 26 77
60 60 27 75
60 60 28 73
60 60 38 71
60 60 39 68
60 60 41 65
60 60 44 64
60 60 45 62
60 60 51 61
61 61 15 128
61 61 18 89
61 61 40 88
61 61 41 87
61 61 42 85
61 61 51 84
61 61 60 83
61 61 61 78
61 61 62 73
61 61 64 72
61 61 69 71
62 62 15 128
62 62 19 87
62 62 25 86
62 62 26 85
62 62 31 81
62 62 33 79
62 62 40 71
62 62 42 69
62 62 43 67
62 62 52 66
62 62 59 65
62 62 64 64
63 63 16 128
63 63 20 88
63 63 25 86
63 63 26 85
63 63 28 84
63 63 29 83
63 63 31 81
63 63 33 79
63 63 42 78
63 63 52 73
63 63 57 72
63 63 58 71
63 63 59 70
63 63 63 69
63 63 65 65
64 64 17 128
64 64 19 88
64 64 31 86
64 64 32 85
64 64 38 84
64 64 39 83
64 64 40 82
64 64 53 79
64 64 54 74
64 64 55 73
64 64 56 70
64 64 63 68
64 64 65 65
65 65 1 90
65 65 17 89
65 65 19 88
65 65 32 85
65 65 33 77
65 65 38 76
65 65 39 75
65 65 41 74
65 65 66 69
66 66 1 90
66 66 24 87
66 66 25 79
66 66 29 73
66 66 30 72
66 66 32 71
66 66 34 68
66 66 37 65
66 66 38 64
66 66 39 63
67 67 1 79
67 67 27 78
67 67 29 77
67 67 33 76
67 67 36 75
67 67 37 73
67 67 38 72
67 67 39 70
67 67 63 67
67 67 64 66
68 68 1 79
68 68 25 77
68 68 26 76
68 68 27 75
68 68 28 74
68 68 33 70
68 68 35 64
68 68 38 63
68 68 40 40
69 69 1 79
69 69 26 77
69 69 29 74
69 69 32 73
69 69 66 72
69 69 67 71
70 70 1 79
70 70 27 77
70 70 30 76
70 70 33 73
70 70 34 65
70 70 35 64
71 71 1 79
71 71 25 78
71 71 26 75
71 71 29 74
71 71 30 72
71 71 31 71
71 71 32 35
71 71 33 34
72 72 1 78
72 72 25 76
72 72 26 64
72 72 30 63
72 72 32 34
73 73 1 64
73 73 27 61
73 73 28 47
73 73 29 46
73 73 31 37
74 74 1 91
74 74 26 82
74 74 28 64
74 74 38 60
74 74 41 42
75 75 1 96
75 75 27 94
75 75 30 91
75 75 38 79
75 75 41 78
75 75 42 75
75 75 56 64
75 75 57 57
76 76 1 99
76 76 28 98
76 76 31 97
76 76 38 75
76 76 52 74
76 76 54 73
76 76 56 71
76 76 65 70
77 77 1 102
77 77 41 101
77 77 47 100
77 77 48 77
77 77 50 75
77 77 64 74
77 77 65 68
77 77 66 67
78 78 1 104
78 78 30 103
78 78 31 102
78 78 41 76
78 78 48 65
78 78 58 62
78 78 60 60
79 79 1 104
79 79 30 77
79 79 31 66
79 79 40 65
79 79 41 64
79 79 43 57
79 79 48 55
80 80 1 107
80 80 31 80
80 80 34 79
80 80 40 78
80 80 41 76
80 80 45 75
80 80 47 69
80 80 54 68
80 80 56 66
80 80 65 65
81 81 1 108
81 81 32 87
81 81 35 86
81 81 40 81
81 81 42 77
81 81 65 76
81 81 66 66
82 82 1 109
82 82 32 90
82 82 38 89
82 82 41 88
82 82 42 69
82 82 45 68
82 82 46 65
82 82 56 58
82 82 57 57
83 83 1 108
83 83 31 92
83 83 32 91
83 83 36 90
83 83 39 69
83 83 40 68
83 83 42 64
83 83 43 51
83 83 45 50
84 84 1 109
84 84 35 93
84 84 37 92
84 84 38 91
84 84 39 78
84 84 40 77
84 84 45 64
84 84 46 51
84 84 47 50
85 85 1 111
85 85 32 94
85 85 35 93
85 85 38 92
85 85 40 63
85 85 42 61
85 85 43 60
85 85 44 52
85 85 47 51
85 85 50 50
86 86 1 110
86 86 33 94
86 86 37 78
86 86 44 77
86 86 47 63
86 86 50 61
86 86 51 60
87 87 1 112
87 87 34 93
87 87 36 64
87 87 37 59
87 87 40 58
87 87 45 54
87 87 46 52
87 87 49 49
88 88 1 111
88 88 36 94
88 88 38 75
88 88 49 74
88 88 50 73
88 88 51 72
88 88 52 64
88 88 62 62
89 89 1 112
89 89 38 95
89 89 40 64
89 89 49 62
89 89 50 61
89 89 52 54
90 90 1 112
90 90 65 94
91 91 1 113
91 91 64 94
92 92 1 113
92 92 50 94
92 92 64 78
92 92 65 68
93 93 1 113
93 93 65 94
94 94 1 113
94 94 49 94
94 94 50 79
94 94 65 78
94 94 68 68
95 95 1 113
95 95 50 94
95 95 60 78
95 95 61 66
95 95 63 64
96 96 1 112
96 96 46 95
96 96 48 78
96 96 50 75
96 96 60 74
96 96 61 71
96 96 62 69
96 96 63 66
96 96 64 64
97 97 1 111
97 97 50 95
97 97 62 79
97 97 65 65
98 98 1 112
98 98 44 95
98 98 45 79
98 98 48 62
98 98 49 49
99 99 1 111
99 99 47 93
99 99 48 78
99 99 49 64
99 99 59 63
99 99 60 61
100 100 1 110
100 100 50 94
100 100 62 93
100 100 77 92
101 101 1 111
101 101 42 92
101 101 43 77
101 101 45 61
101 101 46 50
102 102 1 110
102 102 44 91
102 102 45 78
102 102 51 61
102 102 52 52
103 103 1 108
103 103 41 91
103 103 42 77
103 103 51 64
103 103 63 63
104 104 1 108
104 104 44 87
104 104 45 76
104 104 53 65
104 104 60 64
104 104 61 61
105 105 1 106
105 105 54 86
105 105 63 82
105 105 65 80
105 105 66 77
106 106 1 107
106 106 41 80
106 106 42 79
106 106 54 78
106 106 63 76
106 106 65 66
107 107 1 105
107 107 41 104
107 107 42 103
107 107 56 78
107 107 66 75
107 107 68 68
108 108 1 103
108 108 41 102
108 108 42 101
108 108 44 77
108 108 45 76
108 108 58 64
108 108 60 62
109 109 1 101
109 109 64 100
109 109 65 99
109 109 66 75
109 109 68 74
110 110 1 98
110 110 42 97
110 110 43 94
110 110 65 73
110 110 70 72
111 111 1 94
111 111 42 91
111 111 43 89
111 111 45 83
111 111 46 80
111 111 65 77
112 112 1 66
112 112 43 65
112 112 44 64
112 112 46 58
112 112 47 57
112 112 56 56
113 113 1 64
113 113 44 54
113 113 45 53
113 113 48 51
113 113 49 49
114 114 1 65
114 114 45 59
114 114 46 58
115 115 1 64
115 115 46 56
115 115 48 54
116 116 1 77
116 116 49 76
116 116 53 75
116 116 65 74
117 117 1 81
117 117 65 78
118 118 1 87
118 118 65 86
118 118 73 74
119 119 1 87
119 119 65 86
119 119 76 80
119 119 77 77
120 120 1 84
120 120 65 83
121 128 1 64