1831
19 74 1 1
39 56 1 1
19 95 2 2
29 74 2 2
33 61 2 2
39 56 2 2
51 54 2 2
19 95 3 3
29 74 3 3
33 61 3 3
39 56 3 3
51 54 3 3
18 95 4 4
19 76 4 4
29 74 4 4
33 68 4 4
47 61 4 4
51 60 4 4
55 56 4 4
14 95 5 5
18 76 5 5
19 74 5 5
29 71 5 5
33 68 5 5
47 61 5 5
51 60 5 5
55 56 5 5
14 95 6 6
18 76 6 6
19 74 6 6
29 71 6 6
33 68 6 6
39 61 6 6
47 56 6 6
51 54 6 6
14 95 7 7
18 76 7 7
19 74 7 7
29 71 7 7
33 68 7 7
37 61 7 7
39 56 7 7
47 54 7 7
51 51 7 7
14 95 8 8
18 90 8 8
19 76 8 8
25 74 8 8
29 71 8 8
33 68 8 8
37 61 8 8
39 56 8 8
47 54 8 8
51 51 8 8
4 95 9 9
9 91 9 9
14 86 9 9
18 76 9 9
19 74 9 9
22 71 9 9
25 68 9 9
29 61 9 9
33 56 9 9
37 54 9 9
42 51 9 9
47 50 9 9
1 95 10 10
4 91 10 10
9 86 10 10
14 77 10 10
18 76 10 10
19 74 10 10
20 71 10 10
22 68 10 10
25 61 10 10
29 56 10 10
33 54 10 10
37 51 10 10
42 50 10 10
1 95 11 11
4 91 11 11
7 90 11 11
9 86 11 11
14 77 11 11
19 76 11 11
20 74 11 11
22 71 11 11
29 68 11 11
33 63 11 11
42 61 11 11
51 60 11 11
55 56 11 11
1 95 12 12
4 91 12 12
7 90 12 12
9 88 12 12
14 86 12 12
19 83 12 12
20 77 12 12
22 76 12 12
29 74 12 12
33 71 12 12
39 68 12 12
42 63 12 12
51 62 12 12
55 61 12 12
57 60 12 12
1 95 13 13
4 91 13 13
7 90 13 13
9 88 13 13
14 86 13 13
19 83 13 13
20 77 13 13
22 76 13 13
28 74 13 13
29 71 13 13
33 68 13 13
39 63 13 13
42 61 13 13
51 60 13 13
55 56 13 13
1 100 14 14
4 95 14 14
7 91 14 14
9 90 14 14
14 88 14 14
19 86 14 14
20 83 14 14
22 77 14 14
28 76 14 14
29 74 14 14
33 71 14 14
39 68 14 14
42 63 14 14
51 61 14 14
54 60 14 14
55 56 14 14
1 100 15 15
4 95 15 15
7 91 15 15
9 90 15 15
14 88 15 15
19 86 15 15
20 83 15 15
22 77 15 15
28 76 15 15
29 74 15 15
33 71 15 15
39 68 15 15
42 63 15 15
51 61 15 15
54 60 15 15
55 56 15 15
1 100 16 16
4 95 16 16
7 91 16 16
9 90 16 16
14 88 16 16
17 86 16 16
19 83 16 16
20 80 16 16
22 77 16 16
25 76 16 16
29 74 16 16
30 71 16 16
33 70 16 16
39 68 16 16
42 63 16 16
51 61 16 16
54 60 16 16
55 56 16 16
1 100 17 17
4 95 17 17
7 91 17 17
9 90 17 17
14 88 17 17
17 86 17 17
19 85 17 17
20 83 17 17
22 77 17 17
25 76 17 17
29 74 17 17
30 72 17 17
33 71 17 17
34 70 17 17
39 68 17 17
42 66 17 17
51 63 17 17
54 61 17 17
55 56 17 17
1 100 18 18
4 95 18 18
7 91 18 18
9 90 18 18
14 88 18 18
17 86 18 18
19 85 18 18
20 83 18 18
22 77 18 18
25 76 18 18
29 74 18 18
30 72 18 18
33 71 18 18
39 70 18 18
42 68 18 18
51 66 18 18
54 63 18 18
55 61 18 18
1 100 19 19
4 95 19 19
7 91 19 19
8 90 19 19
9 86 19 19
14 85 19 19
17 77 19 19
19 76 19 19
20 74 19 19
22 72 19 19
25 71 19 19
29 70 19 19
30 68 19 19
33 66 19 19
37 63 19 19
39 61 19 19
42 54 19 19
50 53 19 19
51 51 19 19
1 100 20 20
4 95 20 20
7 91 20 20
8 90 20 20
9 86 20 20
14 85 20 20
17 80 20 20
19 77 20 20
20 76 20 20
22 74 20 20
25 72 20 20
29 71 20 20
30 70 20 20
33 68 20 20
37 66 20 20
39 63 20 20
42 54 20 20
50 53 20 20
51 51 20 20
1 100 21 21
7 95 21 21
8 91 21 21
9 90 21 21
13 86 21 21
14 85 21 21
17 80 21 21
20 79 21 21
22 77 21 21
25 76 21 21
29 74 21 21
30 72 21 21
31 71 21 21
33 70 21 21
37 66 21 21
42 63 21 21
45 61 21 21
50 54 21 21
51 51 21 21
1 100 22 22
7 95 22 22
8 91 22 22
9 90 22 22
13 86 22 22
14 85 22 22
17 80 22 22
19 79 22 22
20 77 22 22
22 76 22 22
25 74 22 22
29 72 22 22
30 71 22 22
31 70 22 22
33 66 22 22
34 63 22 22
37 61 22 22
39 60 22 22
42 54 22 22
45 51 22 22
50 50 22 22
1 100 23 23
4 95 23 23
7 91 23 23
8 90 23 23
9 86 23 23
13 85 23 23
14 80 23 23
17 79 23 23
19 77 23 23
20 76 23 23
22 74 23 23
24 72 23 23
25 71 23 23
29 70 23 23
30 66 23 23
31 63 23 23
32 61 23 23
33 60 23 23
34 54 23 23
37 51 23 23
39 50 23 23
42 49 23 23
43 47 23 23
45 46 23 23
1 100 24 24
4 95 24 24
7 91 24 24
8 90 24 24
9 86 24 24
13 85 24 24
14 80 24 24
17 79 24 24
19 77 24 24
20 76 24 24
22 74 24 24
24 72 24 24
25 71 24 24
29 66 24 24
30 63 24 24
31 61 24 24
32 60 24 24
33 54 24 24
34 51 24 24
37 50 24 24
39 49 24 24
41 47 24 24
42 46 24 24
43 44 24 24
1 100 25 25
4 95 25 25
7 91 25 25
8 90 25 25
9 86 25 25
13 85 25 25
14 79 25 25
19 77 25 25
20 76 25 25
24 74 25 25
25 72 25 25
29 71 25 25
30 70 25 25
31 66 25 25
32 63 25 25
33 60 25 25
34 54 25 25
37 51 25 25
39 50 25 25
41 49 25 25
42 48 25 25
43 47 25 25
45 46 25 25
1 100 26 26
4 99 26 26
7 95 26 26
8 92 26 26
9 91 26 26
13 90 26 26
14 89 26 26
15 86 26 26
19 85 26 26
20 80 26 26
24 79 26 26
25 77 26 26
29 76 26 26
31 74 26 26
32 72 26 26
33 71 26 26
34 70 26 26
37 66 26 26
41 63 26 26
42 60 26 26
43 54 26 26
45 51 26 26
47 50 26 26
48 48 26 26
1 100 27 27
4 99 27 27
7 95 27 27
8 92 27 27
9 91 27 27
13 90 27 27
14 89 27 27
15 86 27 27
19 85 27 27
20 81 27 27
24 80 27 27
25 79 27 27
26 77 27 27
29 74 27 27
31 72 27 27
32 71 27 27
33 70 27 27
34 66 27 27
37 65 27 27
41 63 27 27
42 60 27 27
43 54 27 27
45 51 27 27
47 50 27 27
48 48 27 27
1 100 28 28
4 99 28 28
7 95 28 28
8 92 28 28
9 91 28 28
13 90 28 28
15 89 28 28
16 85 28 28
19 81 28 28
20 80 28 28
24 79 28 28
25 77 28 28
26 74 28 28
31 72 28 28
32 70 28 28
33 66 28 28
34 65 28 28
37 63 28 28
39 60 28 28
41 54 28 28
43 51 28 28
47 50 28 28
49 49 28 28
1 100 29 29
4 99 29 29
7 95 29 29
8 92 29 29
9 91 29 29
11 90 29 29
13 89 29 29
15 85 29 29
16 81 29 29
19 80 29 29
20 79 29 29
24 74 29 29
25 72 29 29
26 70 29 29
31 66 29 29
32 65 29 29
33 63 29 29
34 60 29 29
37 59 29 29
39 54 29 29
40 53 29 29
41 51 29 29
43 50 29 29
47 48 29 29
1 100 30 30
4 99 30 30
7 95 30 30
8 92 30 30
9 91 30 30
13 90 30 30
15 89 30 30
16 85 30 30
19 81 30 30
20 80 30 30
24 79 30 30
25 74 30 30
26 72 30 30
29 70 30 30
31 66 30 30
32 65 30 30
34 63 30 30
37 60 30 30
39 59 30 30
40 54 30 30
41 53 30 30
43 51 30 30
47 48 30 30
4 100 31 31
7 99 31 31
8 95 31 31
9 92 31 31
13 91 31 31
16 90 31 31
19 89 31 31
20 85 31 31
24 81 31 31
25 80 31 31
26 79 31 31
29 74 31 31
31 72 31 31
32 70 31 31
34 66 31 31
37 65 31 31
39 63 31 31
40 60 31 31
41 59 31 31
43 54 31 31
47 53 31 31
49 51 31 31
4 100 32 32
7 99 32 32
8 95 32 32
9 92 32 32
13 91 32 32
16 90 32 32
19 89 32 32
20 85 32 32
24 81 32 32
25 80 32 32
26 79 32 32
29 74 32 32
31 72 32 32
32 70 32 32
34 66 32 32
37 65 32 32
39 63 32 32
40 60 32 32
41 59 32 32
43 54 32 32
47 53 32 32
49 51 32 32
1 100 33 33
4 99 33 33
7 95 33 33
8 92 33 33
9 91 33 33
13 90 33 33
16 89 33 33
19 86 33 33
20 85 33 33
24 81 33 33
25 80 33 33
26 79 33 33
31 76 33 33
32 74 33 33
34 72 33 33
37 70 33 33
39 66 33 33
41 65 33 33
43 63 33 33
44 60 33 33
47 59 33 33
49 54 33 33
52 53 33 33
1 100 34 34
4 99 34 34
7 97 34 34
8 95 34 34
9 92 34 34
13 91 34 34
16 90 34 34
19 89 34 34
20 86 34 34
24 85 34 34
25 81 34 34
26 80 34 34
31 79 34 34
32 76 34 34
34 75 34 34
37 74 34 34
41 72 34 34
43 70 34 34
44 66 34 34
47 65 34 34
49 63 34 34
52 62 34 34
54 60 34 34
55 59 34 34
1 100 35 35
4 97 35 35
7 95 35 35
8 92 35 35
9 91 35 35
13 90 35 35
16 89 35 35
19 86 35 35
20 85 35 35
24 81 35 35
25 80 35 35
26 79 35 35
31 76 35 35
32 75 35 35
34 74 35 35
37 72 35 35
43 70 35 35
44 66 35 35
47 65 35 35
49 64 35 35
50 63 35 35
51 62 35 35
52 60 35 35
54 59 35 35
1 100 36 36
4 99 36 36
7 97 36 36
8 95 36 36
9 93 36 36
13 92 36 36
16 91 36 36
19 90 36 36
20 89 36 36
24 86 36 36
25 85 36 36
26 82 36 36
31 81 36 36
32 80 36 36
34 79 36 36
37 78 36 36
42 76 36 36
43 75 36 36
44 74 36 36
47 72 36 36
49 70 36 36
50 66 36 36
51 65 36 36
52 64 36 36
54 62 36 36
60 60 36 36
1 100 37 37
4 99 37 37
7 97 37 37
8 95 37 37
9 93 37 37
13 92 37 37
16 91 37 37
19 90 37 37
20 89 37 37
24 86 37 37
25 85 37 37
31 83 37 37
32 82 37 37
34 81 37 37
37 80 37 37
43 79 37 37
44 78 37 37
47 76 37 37
49 75 37 37
50 74 37 37
51 70 37 37
52 66 37 37
54 65 37 37
60 64 37 37
61 62 37 37
1 100 38 38
4 99 38 38
7 97 38 38
8 95 38 38
9 93 38 38
13 92 38 38
16 91 38 38
19 90 38 38
20 89 38 38
24 86 38 38
25 85 38 38
31 83 38 38
32 82 38 38
34 81 38 38
37 80 38 38
43 79 38 38
44 78 38 38
47 76 38 38
49 75 38 38
50 74 38 38
51 70 38 38
52 69 38 38
54 66 38 38
60 65 38 38
61 62 38 38
1 100 39 39
4 99 39 39
7 97 39 39
8 95 39 39
9 93 39 39
13 92 39 39
16 91 39 39
19 90 39 39
20 86 39 39
24 85 39 39
25 83 39 39
26 82 39 39
31 81 39 39
32 79 39 39
34 78 39 39
37 76 39 39
43 75 39 39
44 74 39 39
47 72 39 39
49 70 39 39
50 69 39 39
51 66 39 39
52 62 39 39
54 60 39 39
56 59 39 39
1 100 40 40
4 99 40 40
7 97 40 40
8 95 40 40
9 93 40 40
13 92 40 40
16 91 40 40
19 90 40 40
20 85 40 40
24 83 40 40
25 82 40 40
26 81 40 40
31 79 40 40
32 78 40 40
34 76 40 40
37 75 40 40
43 74 40 40
44 72 40 40
46 70 40 40
47 69 40 40
49 68 40 40
50 66 40 40
51 60 40 40
52 59 40 40
54 55 40 40
1 100 41 41
4 99 41 41
7 97 41 41
8 95 41 41
9 93 41 41
13 92 41 41
16 91 41 41
19 90 41 41
20 85 41 41
24 83 41 41
25 82 41 41
26 81 41 41
31 79 41 41
32 78 41 41
34 76 41 41
37 75 41 41
43 74 41 41
44 72 41 41
46 70 41 41
47 69 41 41
49 68 41 41
50 66 41 41
51 60 41 41
52 59 41 41
54 55 41 41
4 100 42 42
7 99 42 42
8 97 42 42
9 93 42 42
13 92 42 42
16 91 42 42
19 90 42 42
22 89 42 42
23 85 42 42
24 83 42 42
25 82 42 42
26 81 42 42
31 79 42 42
32 78 42 42
34 76 42 42
37 75 42 42
42 74 42 42
43 72 42 42
44 70 42 42
46 69 42 42
47 68 42 42
49 66 42 42
50 60 42 42
51 59 42 42
52 53 42 42
4 100 43 43
7 99 43 43
8 97 43 43
9 93 43 43
13 92 43 43
16 91 43 43
19 90 43 43
22 89 43 43
23 85 43 43
24 83 43 43
25 82 43 43
26 81 43 43
31 79 43 43
34 78 43 43
37 76 43 43
42 75 43 43
43 74 43 43
44 72 43 43
46 70 43 43
49 69 43 43
50 68 43 43
51 66 43 43
52 60 43 43
54 59 43 43
4 100 44 44
8 99 44 44
9 97 44 44
11 93 44 44
13 92 44 44
19 91 44 44
23 90 44 44
24 85 44 44
25 83 44 44
26 81 44 44
31 79 44 44
34 78 44 44
37 76 44 44
38 75 44 44
42 74 44 44
43 70 44 44
44 69 44 44
46 68 44 44
49 66 44 44
50 60 44 44
51 59 44 44
52 53 44 44
4 100 45 45
8 99 45 45
9 97 45 45
11 93 45 45
13 92 45 45
19 91 45 45
23 90 45 45
24 85 45 45
25 83 45 45
26 81 45 45
31 79 45 45
34 78 45 45
37 75 45 45
38 74 45 45
42 70 45 45
43 69 45 45
44 68 45 45
46 66 45 45
49 60 45 45
50 59 45 45
51 51 45 45
4 100 46 46
8 99 46 46
9 97 46 46
11 93 46 46
13 92 46 46
19 91 46 46
23 90 46 46
24 85 46 46
25 83 46 46
26 81 46 46
31 79 46 46
34 78 46 46
37 75 46 46
38 74 46 46
42 70 46 46
43 69 46 46
44 68 46 46
46 66 46 46
49 60 46 46
50 59 46 46
51 51 46 46
4 100 47 47
8 99 47 47
9 97 47 47
11 93 47 47
13 92 47 47
19 91 47 47
23 90 47 47
24 85 47 47
25 83 47 47
26 81 47 47
28 80 47 47
31 79 47 47
34 78 47 47
37 75 47 47
38 74 47 47
42 70 47 47
43 69 47 47
44 68 47 47
46 66 47 47
49 60 47 47
50 59 47 47
51 51 47 47
4 100 48 48
7 99 48 48
8 97 48 48
9 93 48 48
11 92 48 48
13 91 48 48
19 90 48 48
23 85 48 48
24 83 48 48
25 81 48 48
26 80 48 48
28 79 48 48
31 78 48 48
34 75 48 48
37 74 48 48
38 70 48 48
42 69 48 48
43 68 48 48
44 66 48 48
46 59 48 48
49 51 48 48
50 50 48 48
1 100 49 49
4 99 49 49
7 97 49 49
8 93 49 49
9 92 49 49
13 91 49 49
15 90 49 49
19 89 49 49
22 85 49 49
23 83 49 49
24 81 49 49
25 80 49 49
26 79 49 49
28 78 49 49
31 75 49 49
34 74 49 49
37 70 49 49
38 69 49 49
42 66 49 49
43 59 49 49
44 51 49 49
46 50 49 49
49 49 49 49
1 100 50 50
4 99 50 50
7 97 50 50
8 93 50 50
9 92 50 50
13 91 50 50
15 90 50 50
19 89 50 50
22 85 50 50
23 83 50 50
24 81 50 50
25 80 50 50
26 79 50 50
28 78 50 50
31 75 50 50
34 74 50 50
37 70 50 50
38 69 50 50
42 66 50 50
43 59 50 50
44 51 50 50
46 50 50 50
49 49 50 50
1 100 51 51
4 99 51 51
7 97 51 51
8 93 51 51
9 92 51 51
13 91 51 51
15 90 51 51
19 89 51 51
22 85 51 51
23 83 51 51
24 81 51 51
25 80 51 51
26 79 51 51
31 78 51 51
34 75 51 51
37 74 51 51
38 70 51 51
42 69 51 51
43 66 51 51
44 62 51 51
46 59 51 51
49 51 51 51
50 50 51 51
1 100 52 52
4 99 52 52
7 97 52 52
8 93 52 52
9 92 52 52
13 91 52 52
15 90 52 52
19 89 52 52
22 85 52 52
23 83 52 52
24 81 52 52
25 80 52 52
26 79 52 52
28 78 52 52
31 75 52 52
34 74 52 52
36 70 52 52
37 69 52 52
38 66 52 52
42 62 52 52
43 59 52 52
44 51 52 52
46 50 52 52
49 49 52 52
1 100 53 53
4 97 53 53
7 95 53 53
8 93 53 53
9 92 53 53
13 91 53 53
15 90 53 53
19 89 53 53
22 85 53 53
23 81 53 53
24 80 53 53
25 79 53 53
26 78 53 53
28 75 53 53
31 69 53 53
34 66 53 53
36 62 53 53
37 59 53 53
38 51 53 53
42 50 53 53
43 49 53 53
44 48 53 53
45 45 53 53
1 100 54 54
4 97 54 54
7 95 54 54
8 93 54 54
9 92 54 54
13 91 54 54
15 90 54 54
19 89 54 54
22 85 54 54
23 81 54 54
24 80 54 54
25 79 54 54
26 78 54 54
28 75 54 54
31 69 54 54
34 66 54 54
36 62 54 54
37 60 54 54
38 59 54 54
39 51 54 54
42 50 54 54
43 49 54 54
44 48 54 54
45 45 54 54
1 100 55 55
7 97 55 55
8 95 55 55
9 93 55 55
13 92 55 55
15 91 55 55
19 90 55 55
22 89 55 55
23 85 55 55
24 81 55 55
25 80 55 55
26 79 55 55
28 78 55 55
31 75 55 55
34 69 55 55
36 66 55 55
37 62 55 55
38 60 55 55
42 59 55 55
43 53 55 55
44 51 55 55
46 50 55 55
49 49 55 55
1 100 56 56
7 97 56 56
8 93 56 56
9 92 56 56
13 91 56 56
15 90 56 56
19 89 56 56
22 85 56 56
23 83 56 56
24 81 56 56
25 80 56 56
26 79 56 56
27 78 56 56
28 75 56 56
31 69 56 56
33 66 56 56
36 64 56 56
38 63 56 56
42 62 56 56
43 60 56 56
46 59 56 56
49 56 56 56
50 53 56 56
51 51 56 56
1 100 57 57
7 97 57 57
8 93 57 57
9 92 57 57
13 91 57 57
15 90 57 57
19 89 57 57
22 85 57 57
23 83 57 57
24 81 57 57
26 80 57 57
27 79 57 57
28 78 57 57
31 76 57 57
33 75 57 57
36 69 57 57
38 66 57 57
40 64 57 57
42 63 57 57
43 62 57 57
46 60 57 57
49 59 57 57
51 56 57 57
52 53 57 57
1 100 58 58
7 97 58 58
8 93 58 58
13 92 58 58
15 90 58 58
19 89 58 58
22 85 58 58
23 83 58 58
24 81 58 58
26 80 58 58
27 79 58 58
28 78 58 58
31 76 58 58
36 75 58 58
38 69 58 58
40 66 58 58
42 63 58 58
43 62 58 58
45 60 58 58
46 59 58 58
49 56 58 58
50 53 58 58
51 51 58 58
1 100 59 59
7 97 59 59
8 93 59 59
13 92 59 59
15 90 59 59
19 89 59 59
22 85 59 59
23 83 59 59
24 81 59 59
26 80 59 59
27 79 59 59
28 78 59 59
31 76 59 59
36 75 59 59
38 69 59 59
40 66 59 59
42 63 59 59
43 62 59 59
45 60 59 59
46 59 59 59
49 56 59 59
50 53 59 59
51 51 59 59
1 100 60 60
7 93 60 60
8 92 60 60
13 90 60 60
15 89 60 60
19 85 60 60
22 83 60 60
23 81 60 60
24 80 60 60
26 79 60 60
27 78 60 60
28 76 60 60
31 69 60 60
36 66 60 60
38 63 60 60
40 62 60 60
42 60 60 60
43 59 60 60
45 56 60 60
46 53 60 60
49 51 60 60
50 50 60 60
1 100 61 61
4 93 61 61
7 92 61 61
8 90 61 61
13 89 61 61
15 85 61 61
19 83 61 61
22 81 61 61
24 80 61 61
26 79 61 61
27 78 61 61
28 74 61 61
31 69 61 61
36 68 61 61
38 66 61 61
39 63 61 61
40 62 61 61
42 61 61 61
43 60 61 61
45 59 61 61
46 56 61 61
48 53 61 61
49 51 61 61
50 50 61 61
1 100 62 62
4 93 62 62
7 92 62 62
8 90 62 62
13 89 62 62
15 85 62 62
19 83 62 62
22 81 62 62
24 80 62 62
26 79 62 62
27 78 62 62
28 69 62 62
31 68 62 62
36 66 62 62
38 63 62 62
39 62 62 62
40 61 62 62
42 60 62 62
43 59 62 62
45 53 62 62
46 51 62 62
48 50 62 62
49 49 62 62
1 100 63 63
4 99 63 63
7 96 63 63
8 93 63 63
13 92 63 63
15 90 63 63
19 89 63 63
22 83 63 63
24 81 63 63
25 80 63 63
26 79 63 63
27 78 63 63
28 73 63 63
31 69 63 63
36 68 63 63
38 63 63 63
39 62 63 63
40 61 63 63
42 60 63 63
43 59 63 63
45 53 63 63
46 51 63 63
48 50 63 63
49 49 63 63
1 100 64 64
4 96 64 64
8 93 64 64
13 92 64 64
15 90 64 64
22 83 64 64
24 81 64 64
25 80 64 64
26 79 64 64
27 78 64 64
28 76 64 64
31 73 64 64
36 69 64 64
38 68 64 64
39 64 64 64
40 63 64 64
42 62 64 64
43 60 64 64
45 59 64 64
46 51 64 64
49 50 64 64
1 100 65 65
4 96 65 65
8 93 65 65
13 92 65 65
15 90 65 65
22 83 65 65
24 81 65 65
25 80 65 65
26 79 65 65
27 78 65 65
28 76 65 65
31 73 65 65
36 69 65 65
38 68 65 65
39 64 65 65
40 63 65 65
42 62 65 65
43 60 65 65
45 59 65 65
46 51 65 65
49 50 65 65
1 96 66 66
4 93 66 66
8 92 66 66
11 90 66 66
13 83 66 66
15 81 66 66
22 80 66 66
24 79 66 66
25 78 66 66
26 76 66 66
27 73 66 66
28 69 66 66
31 68 66 66
36 64 66 66
38 63 66 66
39 62 66 66
40 60 66 66
42 59 66 66
43 51 66 66
45 50 66 66
46 48 66 66
1 96 67 67
4 93 67 67
8 92 67 67
11 90 67 67
13 83 67 67
15 81 67 67
19 80 67 67
22 79 67 67
24 78 67 67
25 76 67 67
26 73 67 67
27 69 67 67
28 68 67 67
31 64 67 67
36 63 67 67
38 62 67 67
39 60 67 67
40 59 67 67
41 51 67 67
42 50 67 67
43 48 67 67
45 45 67 67
1 96 68 68
4 93 68 68
8 92 68 68
11 90 68 68
13 83 68 68
15 80 68 68
19 79 68 68
22 78 68 68
24 73 68 68
25 69 68 68
26 68 68 68
27 64 68 68
28 63 68 68
31 62 68 68
36 60 68 68
38 59 68 68
39 51 68 68
40 50 68 68
41 48 68 68
42 45 68 68
43 44 68 68
1 96 69 69
4 93 69 69
8 92 69 69
11 90 69 69
13 89 69 69
15 83 69 69
19 80 69 69
22 79 69 69
24 78 69 69
25 74 69 69
26 73 69 69
27 69 69 69
28 68 69 69
31 64 69 69
36 63 69 69
38 62 69 69
39 60 69 69
40 59 69 69
41 51 69 69
42 50 69 69
43 48 69 69
45 45 69 69
1 96 70 70
4 93 70 70
8 92 70 70
11 90 70 70
13 89 70 70
15 83 70 70
19 80 70 70
22 79 70 70
24 78 70 70
25 74 70 70
26 73 70 70
27 69 70 70
28 68 70 70
31 64 70 70
36 63 70 70
38 62 70 70
39 60 70 70
40 59 70 70
41 51 70 70
42 50 70 70
43 48 70 70
45 45 70 70
1 96 71 71
4 93 71 71
8 92 71 71
11 90 71 71
13 89 71 71
15 83 71 71
19 80 71 71
22 79 71 71
24 78 71 71
25 74 71 71
26 73 71 71
27 70 71 71
28 69 71 71
31 68 71 71
36 65 71 71
38 64 71 71
39 63 71 71
40 62 71 71
41 60 71 71
42 59 71 71
43 51 71 71
45 50 71 71
46 48 71 71
1 99 72 72
4 96 72 72
8 93 72 72
11 92 72 72
13 90 72 72
15 89 72 72
19 86 72 72
22 83 72 72
24 80 72 72
25 79 72 72
26 78 72 72
27 74 72 72
28 73 72 72
36 70 72 72
38 68 72 72
39 65 72 72
40 63 72 72
41 62 72 72
43 60 72 72
45 59 72 72
46 51 72 72
49 50 72 72
1 99 73 73
4 96 73 73
8 93 73 73
11 92 73 73
13 90 73 73
15 89 73 73
19 86 73 73
22 83 73 73
24 80 73 73
25 79 73 73
26 78 73 73
27 74 73 73
28 73 73 73
36 70 73 73
38 68 73 73
39 65 73 73
40 63 73 73
41 62 73 73
43 60 73 73
45 59 73 73
46 51 73 73
49 50 73 73
1 97 74 74
4 96 74 74
7 93 74 74
11 92 74 74
15 90 74 74
19 89 74 74
22 86 74 74
24 83 74 74
25 80 74 74
26 78 74 74
27 74 74 74
28 73 74 74
35 70 74 74
36 68 74 74
38 65 74 74
39 63 74 74
40 62 74 74
41 60 74 74
43 59 74 74
45 51 74 74
46 50 74 74
49 49 74 74
1 100 75 75
4 97 75 75
11 96 75 75
15 92 75 75
19 90 75 75
22 89 75 75
24 86 75 75
26 83 75 75
27 82 75 75
28 80 75 75
35 78 75 75
36 73 75 75
38 68 75 75
40 65 75 75
41 63 75 75
43 62 75 75
45 59 75 75
46 53 75 75
47 51 75 75
49 50 75 75
1 100 76 76
4 97 76 76
11 96 76 76
15 92 76 76
19 90 76 76
22 89 76 76
24 86 76 76
26 83 76 76
27 82 76 76
28 80 76 76
35 78 76 76
36 73 76 76
38 68 76 76
40 65 76 76
41 63 76 76
43 62 76 76
45 59 76 76
46 53 76 76
47 51 76 76
49 50 76 76
1 100 77 77
4 97 77 77
11 96 77 77
15 92 77 77
19 90 77 77
22 89 77 77
24 86 77 77
26 83 77 77
27 82 77 77
28 80 77 77
35 78 77 77
36 73 77 77
38 68 77 77
40 65 77 77
41 63 77 77
43 62 77 77
45 59 77 77
46 53 77 77
47 51 77 77
49 50 77 77
1 100 78 78
4 97 78 78
11 96 78 78
15 92 78 78
19 90 78 78
22 89 78 78
24 86 78 78
26 83 78 78
27 82 78 78
28 80 78 78
35 78 78 78
36 77 78 78
38 73 78 78
40 68 78 78
41 65 78 78
43 63 78 78
45 62 78 78
46 59 78 78
47 51 78 78
49 50 78 78
1 100 79 79
4 97 79 79
11 96 79 79
15 92 79 79
19 90 79 79
22 89 79 79
24 86 79 79
26 83 79 79
27 82 79 79
28 80 79 79
35 78 79 79
36 77 79 79
38 73 79 79
40 68 79 79
41 65 79 79
43 63 79 79
45 62 79 79
46 59 79 79
47 51 79 79
49 50 79 79
1 100 80 80
11 97 80 80
15 96 80 80
19 92 80 80
22 90 80 80
24 89 80 80
26 86 80 80
27 83 80 80
28 82 80 80
35 80 80 80
36 78 80 80
38 77 80 80
39 73 80 80
40 68 80 80
41 65 80 80
43 63 80 80
45 62 80 80
46 59 80 80
47 51 80 80
49 50 80 80
1 100 81 81
11 97 81 81
15 96 81 81
19 92 81 81
22 90 81 81
24 89 81 81
26 86 81 81
27 83 81 81
28 82 81 81
35 80 81 81
36 78 81 81
38 77 81 81
39 73 81 81
40 68 81 81
41 65 81 81
43 63 81 81
45 62 81 81
46 59 81 81
47 51 81 81
49 50 81 81
1 100 82 82
11 96 82 82
15 92 82 82
19 90 82 82
24 89 82 82
26 86 82 82
27 83 82 82
28 82 82 82
36 80 82 82
38 78 82 82
39 77 82 82
40 73 82 82
41 68 82 82
43 65 82 82
45 63 82 82
46 62 82 82
47 59 82 82
51 51 82 82
1 100 83 83
4 96 83 83
11 92 83 83
15 90 83 83
19 89 83 83
24 86 83 83
26 83 83 83
27 82 83 83
28 80 83 83
29 78 83 83
36 77 83 83
38 73 83 83
39 68 83 83
40 65 83 83
41 63 83 83
43 62 83 83
45 59 83 83
46 51 83 83
47 50 83 83
1 100 84 84
4 96 84 84
15 92 84 84
19 90 84 84
24 89 84 84
26 86 84 84
27 83 84 84
28 82 84 84
29 80 84 84
36 78 84 84
38 77 84 84
39 73 84 84
41 68 84 84
43 65 84 84
45 63 84 84
46 62 84 84
47 59 84 84
51 51 84 84
1 100 85 85
11 96 85 85
15 90 85 85
19 86 85 85
24 83 85 85
26 82 85 85
27 80 85 85
28 78 85 85
36 73 85 85
38 65 85 85
39 63 85 85
41 62 85 85
43 59 85 85
45 51 85 85
46 50 85 85
1 100 86 86
11 96 86 86
15 90 86 86
19 86 86 86
26 82 86 86
27 80 86 86
28 73 86 86
36 72 86 86
38 65 86 86
39 62 86 86
41 59 86 86
45 51 86 86
46 50 86 86
1 100 87 87
11 96 87 87
15 90 87 87
19 86 87 87
26 82 87 87
28 80 87 87
36 73 87 87
38 72 87 87
39 65 87 87
41 62 87 87
44 59 87 87
45 51 87 87
46 50 87 87
1 100 88 88
11 96 88 88
15 90 88 88
26 86 88 88
28 82 88 88
36 80 88 88
38 73 88 88
39 72 88 88
44 65 88 88
45 62 88 88
46 59 88 88
51 51 88 88
1 100 89 89
11 90 89 89
15 86 89 89
25 82 89 89
28 80 89 89
36 73 89 89
38 72 89 89
39 65 89 89
42 62 89 89
44 59 89 89
45 51 89 89
46 50 89 89
1 100 90 90
11 90 90 90
15 86 90 90
16 82 90 90
25 80 90 90
28 73 90 90
36 72 90 90
38 65 90 90
39 62 90 90
44 59 90 90
45 51 90 90
46 50 90 90
1 90 91 91
4 86 91 91
7 82 91 91
16 80 91 91
25 73 91 91
28 65 91 91
36 62 91 91
38 51 91 91
44 49 91 91
45 45 91 91
1 90 92 92
4 86 92 92
7 82 92 92
16 80 92 92
36 73 92 92
38 65 92 92
44 62 92 92
45 61 92 92
46 49 92 92
1 90 93 93
4 86 93 93
7 82 93 93
14 80 93 93
16 73 93 93
36 71 93 93
38 65 93 93
44 62 93 93
45 61 93 93
46 49 93 93
1 90 94 94
4 86 94 94
7 82 94 94
14 80 94 94
16 73 94 94
36 71 94 94
38 65 94 94
44 62 94 94
45 61 94 94
46 49 94 94
1 90 95 95
4 86 95 95
7 80 95 95
14 73 95 95
16 71 95 95
36 65 95 95
44 62 95 95
45 61 95 95
46 49 95 95
1 90 96 96
4 86 96 96
7 80 96 96
16 73 96 96
36 65 96 96
44 62 96 96
45 61 96 96
46 49 96 96
1 90 97 97
4 86 97 97
16 80 97 97
36 73 97 97
44 65 97 97
45 62 97 97
46 49 97 97
45 90 98 98
46 86 98 98
63 65 98 98
45 70 99 99
46 62 99 99
45 70 100 100
46 62 100 100