3467
41 56 1 1
41 200 2 2
57 185 2 2
41 200 3 14
57 185 3 14
115 126 3 14
41 200 15 15
57 185 15 15
115 146 15 15
127 135 15 15
35 860 16 26
41 200 16 26
57 185 16 26
115 146 16 26
127 135 16 26
41 200 27 29
57 185 27 29
115 146 27 29
127 135 27 29
41 889 30 37
57 873 30 37
115 200 30 37
127 185 30 37
136 146 30 37
41 889 38 38
57 882 38 38
115 873 38 38
127 200 38 38
136 185 38 38
139 146 38 38
41 889 39 41
57 882 39 41
115 873 39 41
127 580 39 41
136 565 39 41
139 200 39 41
147 185 39 41
41 889 42 49
57 882 42 49
115 873 42 49
127 788 42 49
136 775 42 49
139 580 42 49
147 565 42 49
186 200 42 49
41 889 50 60
57 873 50 60
115 788 50 60
127 775 50 60
136 580 50 60
147 565 50 60
186 200 50 60
41 889 61 62
57 873 61 62
115 788 61 62
127 775 61 62
136 580 61 62
147 565 61 62
186 491 61 62
201 478 61 62
41 889 63 68
57 873 63 68
115 824 63 68
126 788 63 68
127 775 63 68
136 580 63 68
147 565 63 68
186 491 63 68
201 478 63 68
41 889 69 76
57 873 69 76
115 824 69 76
126 788 69 76
127 775 69 76
136 580 69 76
147 565 69 76
186 491 69 76
201 478 69 76
453 466 69 76
41 889 77 78
57 873 77 78
115 824 77 78
126 788 77 78
127 775 77 78
136 608 77 78
147 593 77 78
186 580 77 78
201 565 77 78
453 491 77 78
467 478 77 78
41 889 79 80
57 873 79 80
115 835 79 80
127 824 79 80
136 788 79 80
147 775 79 80
186 608 79 80
201 593 79 80
453 580 79 80
467 565 79 80
479 491 79 80
41 889 81 82
57 873 81 82
115 835 81 82
127 824 81 82
136 788 81 82
147 775 81 82
186 764 81 82
201 752 81 82
334 608 81 82
344 593 81 82
453 580 81 82
467 565 81 82
479 491 81 82
41 889 83 84
57 873 83 84
115 835 83 84
127 824 83 84
136 788 83 84
147 775 83 84
186 764 83 84
201 752 83 84
334 651 83 84
344 640 83 84
453 608 83 84
467 593 83 84
479 580 83 84
492 565 83 84
41 889 85 89
57 873 85 89
115 835 85 89
127 824 85 89
136 788 85 89
147 775 85 89
186 764 85 89
201 752 85 89
334 651 85 89
344 640 85 89
377 608 85 89
391 593 85 89
453 580 85 89
467 565 85 89
479 491 85 89
41 889 90 90
57 873 90 90
115 835 90 90
127 824 90 90
136 788 90 90
147 775 90 90
186 764 90 90
201 752 90 90
315 651 90 90
326 640 90 90
334 608 90 90
344 593 90 90
377 580 90 90
391 565 90 90
453 491 90 90
467 478 90 90
41 889 91 92
57 873 91 92
115 835 91 92
127 824 91 92
136 788 91 92
147 775 91 92
186 764 91 92
201 752 91 92
291 651 91 92
307 640 91 92
315 608 91 92
326 593 91 92
334 580 91 92
344 565 91 92
377 491 91 92
391 478 91 92
453 466 91 92
41 889 93 98
57 873 93 98
62 835 93 98
115 824 93 98
127 788 93 98
136 775 93 98
147 769 93 98
186 764 93 98
201 752 93 98
291 651 93 98
307 640 93 98
315 608 93 98
326 593 93 98
334 580 93 98
344 565 93 98
377 491 93 98
391 478 93 98
453 466 93 98
41 889 99 101
57 873 99 101
62 835 99 101
115 824 99 101
127 788 99 101
136 775 99 101
147 769 99 101
186 764 99 101
201 752 99 101
291 651 99 101
307 640 99 101
315 608 99 101
326 593 99 101
334 580 99 101
344 565 99 101
377 553 99 101
391 543 99 101
453 491 99 101
467 478 99 101
41 889 102 103
57 873 102 103
62 835 102 103
115 824 102 103
127 788 102 103
136 775 102 103
147 769 102 103
186 764 102 103
201 752 102 103
291 700 102 103
307 688 102 103
315 651 102 103
326 640 102 103
334 608 102 103
344 593 102 103
377 580 102 103
391 565 102 103
453 553 102 103
467 543 102 103
479 491 102 103
41 889 104 108
57 873 104 108
62 835 104 108
115 824 104 108
127 788 104 108
136 775 104 108
147 769 104 108
186 764 104 108
201 752 104 108
291 700 104 108
307 688 104 108
315 651 104 108
326 640 104 108
334 608 104 108
344 593 104 108
377 580 104 108
391 565 104 108
430 553 104 108
440 543 104 108
453 491 104 108
467 478 104 108
41 889 109 118
57 873 109 118
115 835 109 118
127 824 109 118
136 788 109 118
147 775 109 118
186 764 109 118
201 752 109 118
291 700 109 118
307 688 109 118
315 651 109 118
326 640 109 118
334 608 109 118
344 593 109 118
377 580 109 118
391 565 109 118
430 553 109 118
440 543 109 118
453 491 109 118
467 478 109 118
41 889 119 121
57 873 119 121
115 835 119 121
127 824 119 121
136 788 119 121
147 775 119 121
186 764 119 121
201 752 119 121
291 700 119 121
307 688 119 121
315 651 119 121
326 640 119 121
334 608 119 121
344 593 119 121
358 580 119 121
368 565 119 121
377 553 119 121
391 543 119 121
430 491 119 121
440 478 119 121
453 466 119 121
41 889 122 122
57 873 122 122
115 835 122 122
127 824 122 122
136 788 122 122
147 775 122 122
186 764 122 122
201 752 122 122
291 725 122 122
307 712 122 122
315 700 122 122
326 688 122 122
334 651 122 122
344 640 122 122
358 608 122 122
368 593 122 122
377 580 122 122
391 565 122 122
430 553 122 122
440 543 122 122
453 491 122 122
467 478 122 122
41 889 123 127
57 873 123 127
115 864 123 127
127 835 123 127
136 824 123 127
147 788 123 127
148 775 123 127
186 764 123 127
201 752 123 127
291 725 123 127
307 712 123 127
315 700 123 127
326 688 123 127
334 651 123 127
344 640 123 127
358 608 123 127
368 593 123 127
377 580 123 127
391 565 123 127
430 553 123 127
440 543 123 127
453 491 123 127
467 478 123 127
41 889 128 128
57 873 128 128
115 864 128 128
127 835 128 128
136 824 128 128
147 788 128 128
148 775 128 128
186 764 128 128
201 752 128 128
240 725 128 128
251 712 128 128
291 700 128 128
307 688 128 128
315 651 128 128
326 640 128 128
334 608 128 128
344 593 128 128
358 580 128 128
368 565 128 128
377 553 128 128
391 543 128 128
430 491 128 128
440 478 128 128
453 466 128 128
41 889 129 130
57 873 129 130
90 864 129 130
106 835 129 130
115 824 129 130
127 788 129 130
136 775 129 130
147 764 129 130
148 752 129 130
186 725 129 130
201 712 129 130
240 700 129 130
251 688 129 130
291 651 129 130
307 640 129 130
315 608 129 130
326 593 129 130
334 580 129 130
344 565 129 130
358 553 129 130
368 543 129 130
377 491 129 130
391 478 129 130
430 466 129 130
440 452 129 130
41 889 131 132
57 873 131 132
67 864 131 132
80 835 131 132
90 824 131 132
106 788 131 132
115 775 131 132
127 764 131 132
136 752 131 132
147 725 131 132
148 712 131 132
186 700 131 132
201 688 131 132
240 651 131 132
251 640 131 132
291 608 131 132
307 593 131 132
315 580 131 132
326 565 131 132
334 553 131 132
344 543 131 132
358 491 131 132
368 478 131 132
377 466 131 132
391 452 131 132
430 439 131 132
41 889 133 135
57 873 133 135
67 835 133 135
80 824 133 135
90 788 133 135
106 775 133 135
115 764 133 135
127 752 133 135
136 725 133 135
147 712 133 135
186 700 133 135
201 688 133 135
240 651 133 135
251 640 133 135
291 608 133 135
307 593 133 135
315 580 133 135
326 565 133 135
334 553 133 135
344 543 133 135
358 533 133 135
368 519 133 135
377 491 133 135
391 478 133 135
430 466 133 135
440 452 133 135
41 889 136 138
57 873 136 138
67 835 136 138
80 824 136 138
90 812 136 138
106 799 136 138
115 788 136 138
127 775 136 138
136 764 136 138
147 752 136 138
186 725 136 138
201 712 136 138
240 700 136 138
251 688 136 138
291 651 136 138
307 640 136 138
315 608 136 138
326 593 136 138
334 580 136 138
344 565 136 138
358 553 136 138
368 543 136 138
377 533 136 138
391 519 136 138
401 491 136 138
416 478 136 138
430 466 136 138
440 452 136 138
41 889 139 142
57 873 139 142
67 835 139 142
80 824 139 142
90 812 139 142
106 799 139 142
115 788 139 142
127 775 139 142
136 764 139 142
147 752 139 142
186 725 139 142
201 712 139 142
213 700 139 142
227 688 139 142
240 651 139 142
251 640 139 142
291 608 139 142
307 593 139 142
315 580 139 142
326 565 139 142
334 553 139 142
344 543 139 142
358 533 139 142
368 519 139 142
377 491 139 142
391 478 139 142
401 466 139 142
416 452 139 142
430 439 139 142
41 889 143 146
57 873 143 146
67 835 143 146
80 824 143 146
90 812 143 146
106 799 143 146
115 788 143 146
123 775 143 146
127 764 143 146
136 752 143 146
147 747 143 146
186 725 143 146
201 712 143 146
213 700 143 146
227 688 143 146
240 651 143 146
251 640 143 146
291 608 143 146
307 593 143 146
315 580 143 146
326 565 143 146
334 553 143 146
344 543 143 146
358 533 143 146
368 519 143 146
377 491 143 146
391 478 143 146
401 466 143 146
416 452 143 146
430 439 143 146
13 889 147 149
28 873 147 149
41 835 147 149
57 824 147 149
67 812 147 149
80 799 147 149
90 788 147 149
106 775 147 149
115 764 147 149
123 752 147 149
127 747 147 149
136 725 147 149
147 712 147 149
186 700 147 149
201 688 147 149
213 651 147 149
227 640 147 149
240 608 147 149
251 593 147 149
291 580 147 149
307 565 147 149
315 553 147 149
326 543 147 149
334 533 147 149
344 519 147 149
358 491 147 149
368 478 147 149
377 466 147 149
391 452 147 149
401 439 147 149
416 429 147 149
13 889 150 152
28 873 150 152
41 835 150 152
57 824 150 152
67 812 150 152
80 799 150 152
90 788 150 152
106 775 150 152
115 764 150 152
123 752 150 152
127 747 150 152
136 725 150 152
147 712 150 152
186 700 150 152
201 688 150 152
213 651 150 152
227 640 150 152
240 608 150 152
251 593 150 152
291 580 150 152
307 565 150 152
315 553 150 152
326 543 150 152
334 533 150 152
344 519 150 152
358 509 150 152
368 499 150 152
377 491 150 152
391 478 150 152
401 466 150 152
416 452 150 152
430 439 150 152
13 889 153 154
28 873 153 154
41 835 153 154
57 824 153 154
67 812 153 154
80 799 153 154
90 788 153 154
106 775 153 154
115 764 153 154
123 752 153 154
127 747 153 154
136 725 153 154
147 712 153 154
186 700 153 154
201 688 153 154
213 651 153 154
227 640 153 154
240 632 153 154
251 620 153 154
291 608 153 154
307 593 153 154
315 580 153 154
326 565 153 154
334 553 153 154
344 543 153 154
358 533 153 154
368 519 153 154
377 509 153 154
391 499 153 154
401 491 153 154
416 478 153 154
430 466 153 154
440 452 153 154
13 889 155 167
28 873 155 167
41 835 155 167
57 824 155 167
67 812 155 167
80 799 155 167
90 788 155 167
106 775 155 167
115 764 155 167
127 752 155 167
136 725 155 167
147 712 155 167
186 700 155 167
201 688 155 167
213 651 155 167
227 640 155 167
240 632 155 167
251 620 155 167
291 608 155 167
307 593 155 167
315 580 155 167
326 565 155 167
334 553 155 167
344 543 155 167
358 533 155 167
368 519 155 167
377 509 155 167
391 499 155 167
401 491 155 167
416 478 155 167
430 466 155 167
440 452 155 167
13 889 168 168
28 873 168 168
41 835 168 168
57 824 168 168
67 812 168 168
80 799 168 168
90 788 168 168
106 775 168 168
115 764 168 168
127 752 168 168
136 725 168 168
142 724 168 168
147 712 168 168
186 700 168 168
201 688 168 168
213 651 168 168
227 640 168 168
240 632 168 168
251 620 168 168
291 608 168 168
307 593 168 168
315 580 168 168
326 565 168 168
334 553 168 168
344 543 168 168
358 533 168 168
368 519 168 168
377 509 168 168
391 499 168 168
401 491 168 168
416 478 168 168
430 466 168 168
440 452 168 168
13 889 169 169
28 873 169 169
41 835 169 169
57 824 169 169
67 812 169 169
80 799 169 169
90 788 169 169
106 775 169 169
115 764 169 169
127 752 169 169
136 725 169 169
142 724 169 169
147 712 169 169
159 700 169 169
173 688 169 169
186 651 169 169
201 640 169 169
213 632 169 169
227 620 169 169
240 608 169 169
251 593 169 169
263 580 169 169
277 565 169 169
291 553 169 169
307 543 169 169
315 533 169 169
326 519 169 169
334 509 169 169
344 499 169 169
358 491 169 169
368 478 169 169
377 466 169 169
391 452 169 169
401 439 169 169
416 429 169 169
13 889 170 172
28 873 170 172
41 835 170 172
57 824 170 172
67 812 170 172
80 799 170 172
90 788 170 172
106 775 170 172
115 764 170 172
127 752 170 172
136 725 170 172
142 724 170 172
147 712 170 172
159 700 170 172
173 688 170 172
186 678 170 172
201 662 170 172
213 651 170 172
227 640 170 172
240 632 170 172
251 620 170 172
263 608 170 172
277 593 170 172
291 580 170 172
307 565 170 172
315 553 170 172
326 543 170 172
334 533 170 172
344 519 170 172
358 509 170 172
368 499 170 172
377 491 170 172
391 478 170 172
401 466 170 172
416 452 170 172
430 439 170 172
13 889 173 177
28 873 173 177
41 835 173 177
57 824 173 177
67 812 173 177
80 799 173 177
90 788 173 177
106 775 173 177
115 764 173 177
127 752 173 177
136 744 173 177
142 734 173 177
147 725 173 177
159 724 173 177
173 712 173 177
186 700 173 177
201 688 173 177
213 678 173 177
227 662 173 177
240 651 173 177
251 640 173 177
263 632 173 177
277 620 173 177
291 608 173 177
307 593 173 177
315 580 173 177
326 565 173 177
334 553 173 177
344 543 173 177
358 533 173 177
368 519 173 177
377 509 173 177
391 499 173 177
401 491 173 177
416 478 173 177
430 466 173 177
440 452 173 177
13 889 178 183
28 873 178 183
41 861 178 183
57 848 178 183
67 835 178 183
80 824 178 183
90 812 178 183
106 799 178 183
115 788 178 183
127 775 178 183
136 764 178 183
142 752 178 183
147 744 178 183
159 734 178 183
173 725 178 183
186 724 178 183
201 712 178 183
213 700 178 183
227 688 178 183
240 678 178 183
251 662 178 183
263 651 178 183
277 640 178 183
291 632 178 183
307 620 178 183
315 608 178 183
326 593 178 183
334 580 178 183
344 565 178 183
358 553 178 183
368 543 178 183
377 533 178 183
391 519 178 183
401 509 178 183
416 499 178 183
430 491 178 183
440 478 178 183
453 466 178 183
13 889 184 197
28 873 184 197
41 861 184 197
57 848 184 197
67 835 184 197
80 824 184 197
90 812 184 197
106 799 184 197
115 788 184 197
127 775 184 197
136 764 184 197
147 752 184 197
159 744 184 197
173 734 184 197
186 725 184 197
201 712 184 197
213 700 184 197
227 688 184 197
240 678 184 197
251 662 184 197
263 651 184 197
277 640 184 197
291 632 184 197
307 620 184 197
315 608 184 197
326 593 184 197
334 580 184 197
344 565 184 197
358 553 184 197
368 543 184 197
377 533 184 197
391 519 184 197
401 509 184 197
416 499 184 197
430 491 184 197
440 478 184 197
453 466 184 197
13 889 198 208
28 873 198 208
41 861 198 208
48 848 198 208
57 835 198 208
67 824 198 208
80 812 198 208
90 799 198 208
106 788 198 208
115 775 198 208
127 774 198 208
136 764 198 208
147 752 198 208
159 744 198 208
173 734 198 208
186 725 198 208
201 712 198 208
213 700 198 208
227 688 198 208
240 678 198 208
251 662 198 208
263 651 198 208
277 640 198 208
291 632 198 208
307 620 198 208
315 608 198 208
326 593 198 208
334 580 198 208
344 565 198 208
358 553 198 208
368 543 198 208
377 533 198 208
391 519 198 208
401 509 198 208
416 499 198 208
430 491 198 208
440 478 198 208
453 466 198 208
13 889 209 217
28 873 209 217
41 861 209 217
57 848 209 217
67 835 209 217
80 824 209 217
90 812 209 217
106 799 209 217
115 788 209 217
127 775 209 217
136 764 209 217
147 752 209 217
159 744 209 217
173 734 209 217
186 725 209 217
201 712 209 217
213 700 209 217
227 688 209 217
240 678 209 217
251 662 209 217
263 651 209 217
277 640 209 217
291 632 209 217
307 620 209 217
315 608 209 217
326 593 209 217
334 580 209 217
344 565 209 217
358 553 209 217
368 543 209 217
377 533 209 217
391 519 209 217
401 509 209 217
416 499 209 217
430 491 209 217
440 478 209 217
453 466 209 217
13 889 218 229
28 873 218 229
41 861 218 229
57 848 218 229
67 835 218 229
70 824 218 229
80 812 218 229
90 799 218 229
106 775 218 229
115 764 218 229
127 752 218 229
136 744 218 229
147 734 218 229
159 725 218 229
173 712 218 229
186 700 218 229
201 688 218 229
213 678 218 229
227 662 218 229
240 651 218 229
251 640 218 229
263 632 218 229
277 620 218 229
291 608 218 229
307 593 218 229
315 580 218 229
326 565 218 229
334 553 218 229
344 543 218 229
358 533 218 229
368 519 218 229
377 509 218 229
391 499 218 229
401 491 218 229
416 478 218 229
430 466 218 229
440 452 218 229
13 889 230 242
28 873 230 242
41 861 230 242
57 848 230 242
67 835 230 242
80 824 230 242
90 812 230 242
106 799 230 242
115 788 230 242
127 775 230 242
136 764 230 242
147 752 230 242
159 744 230 242
173 734 230 242
186 725 230 242
201 712 230 242
213 700 230 242
227 688 230 242
240 678 230 242
251 662 230 242
263 651 230 242
277 640 230 242
291 632 230 242
307 620 230 242
315 608 230 242
326 593 230 242
334 580 230 242
344 565 230 242
358 553 230 242
368 543 230 242
377 533 230 242
391 519 230 242
401 509 230 242
416 499 230 242
430 491 230 242
440 478 230 242
453 466 230 242
13 889 243 252
28 873 243 252
41 861 243 252
57 848 243 252
67 835 243 252
80 824 243 252
90 812 243 252
106 799 243 252
115 788 243 252
116 775 243 252
127 764 243 252
136 752 243 252
147 744 243 252
159 734 243 252
173 726 243 252
186 725 243 252
201 712 243 252
213 700 243 252
227 688 243 252
240 678 243 252
251 662 243 252
263 651 243 252
277 640 243 252
291 632 243 252
307 620 243 252
315 608 243 252
326 593 243 252
334 580 243 252
344 565 243 252
358 553 243 252
368 543 243 252
377 533 243 252
391 519 243 252
401 509 243 252
416 499 243 252
430 491 243 252
440 478 243 252
453 466 243 252
13 889 253 263
28 873 253 263
41 861 253 263
57 848 253 263
67 835 253 263
80 824 253 263
90 812 253 263
106 799 253 263
115 788 253 263
127 775 253 263
136 764 253 263
147 752 253 263
159 744 253 263
173 734 253 263
186 725 253 263
201 712 253 263
213 700 253 263
227 688 253 263
240 678 253 263
251 662 253 263
263 651 253 263
277 640 253 263
291 632 253 263
307 620 253 263
315 608 253 263
326 593 253 263
334 580 253 263
344 565 253 263
358 553 253 263
368 543 253 263
377 533 253 263
391 519 253 263
401 509 253 263
416 499 253 263
430 491 253 263
440 478 253 263
453 466 253 263
3 889 264 277
13 873 264 277
28 861 264 277
41 848 264 277
57 835 264 277
67 824 264 277
80 812 264 277
90 807 264 277
106 799 264 277
115 788 264 277
127 775 264 277
136 764 264 277
147 752 264 277
159 744 264 277
173 734 264 277
186 725 264 277
201 712 264 277
213 700 264 277
227 688 264 277
240 678 264 277
251 662 264 277
263 651 264 277
277 640 264 277
291 632 264 277
307 620 264 277
315 608 264 277
326 593 264 277
334 580 264 277
344 565 264 277
358 553 264 277
368 543 264 277
377 533 264 277
391 519 264 277
401 509 264 277
416 499 264 277
430 491 264 277
440 478 264 277
453 466 264 277
13 889 278 290
28 873 278 290
41 861 278 290
57 848 278 290
67 835 278 290
80 824 278 290
90 812 278 290
106 799 278 290
115 788 278 290
127 775 278 290
136 764 278 290
147 752 278 290
159 744 278 290
173 734 278 290
186 725 278 290
201 712 278 290
213 700 278 290
227 688 278 290
240 678 278 290
251 662 278 290
263 651 278 290
277 640 278 290
291 632 278 290
307 620 278 290
315 608 278 290
326 593 278 290
334 580 278 290
344 565 278 290
358 553 278 290
368 543 278 290
377 533 278 290
391 519 278 290
401 509 278 290
416 499 278 290
430 491 278 290
440 478 278 290
453 466 278 290
13 889 291 302
22 873 291 302
28 861 291 302
41 848 291 302
57 835 291 302
67 824 291 302
80 812 291 302
90 799 291 302
106 788 291 302
115 775 291 302
127 764 291 302
136 752 291 302
147 749 291 302
159 744 291 302
173 734 291 302
186 725 291 302
201 712 291 302
213 700 291 302
227 688 291 302
240 678 291 302
251 662 291 302
263 651 291 302
277 640 291 302
291 632 291 302
307 620 291 302
315 608 291 302
326 593 291 302
334 580 291 302
344 565 291 302
358 553 291 302
368 543 291 302
377 533 291 302
391 519 291 302
401 509 291 302
416 499 291 302
430 491 291 302
440 478 291 302
453 466 291 302
13 889 303 311
28 873 303 311
41 861 303 311
57 848 303 311
67 835 303 311
80 824 303 311
90 812 303 311
106 799 303 311
115 788 303 311
127 775 303 311
136 764 303 311
147 752 303 311
159 744 303 311
173 734 303 311
186 725 303 311
201 712 303 311
213 700 303 311
227 688 303 311
240 678 303 311
251 662 303 311
263 651 303 311
277 640 303 311
291 632 303 311
307 620 303 311
315 608 303 311
326 593 303 311
334 580 303 311
344 565 303 311
358 553 303 311
368 543 303 311
377 533 303 311
391 519 303 311
401 509 303 311
416 499 303 311
430 491 303 311
440 478 303 311
453 466 303 311
13 889 312 322
28 873 312 322
41 861 312 322
57 848 312 322
67 835 312 322
80 824 312 322
90 812 312 322
106 799 312 322
115 796 312 322
127 788 312 322
136 775 312 322
147 764 312 322
159 752 312 322
168 744 312 322
173 734 312 322
186 725 312 322
201 712 312 322
213 700 312 322
227 688 312 322
240 678 312 322
251 662 312 322
263 651 312 322
277 640 312 322
291 632 312 322
307 620 312 322
315 608 312 322
326 593 312 322
334 580 312 322
344 565 312 322
358 553 312 322
368 543 312 322
377 533 312 322
391 519 312 322
401 509 312 322
416 499 312 322
430 491 312 322
440 478 312 322
453 466 312 322
13 889 323 330
28 873 323 330
41 861 323 330
57 848 323 330
67 835 323 330
80 824 323 330
90 812 323 330
106 799 323 330
115 788 323 330
127 775 323 330
136 764 323 330
147 752 323 330
159 744 323 330
173 734 323 330
186 725 323 330
201 712 323 330
213 700 323 330
227 688 323 330
240 678 323 330
251 662 323 330
263 651 323 330
277 640 323 330
291 632 323 330
307 620 323 330
315 608 323 330
326 593 323 330
334 580 323 330
344 565 323 330
358 553 323 330
368 543 323 330
377 533 323 330
391 519 323 330
401 509 323 330
416 499 323 330
430 491 323 330
440 478 323 330
453 466 323 330
13 889 331 344
28 873 331 344
41 861 331 344
57 848 331 344
58 835 331 344
67 824 331 344
80 821 331 344
90 812 331 344
106 799 331 344
115 788 331 344
127 775 331 344
136 764 331 344
147 752 331 344
159 744 331 344
173 734 331 344
186 725 331 344
201 712 331 344
213 700 331 344
227 688 331 344
240 678 331 344
251 662 331 344
263 651 331 344
277 640 331 344
291 632 331 344
307 620 331 344
315 608 331 344
326 593 331 344
334 580 331 344
344 565 331 344
358 553 331 344
368 543 331 344
377 533 331 344
391 519 331 344
401 509 331 344
416 499 331 344
430 491 331 344
440 478 331 344
453 466 331 344
13 889 345 353
28 873 345 353
41 861 345 353
57 848 345 353
67 835 345 353
80 824 345 353
90 812 345 353
106 799 345 353
115 788 345 353
127 775 345 353
136 764 345 353
147 752 345 353
159 744 345 353
173 734 345 353
186 725 345 353
201 712 345 353
213 700 345 353
227 688 345 353
240 678 345 353
251 662 345 353
263 651 345 353
277 640 345 353
291 632 345 353
307 620 345 353
315 608 345 353
326 593 345 353
334 580 345 353
344 565 345 353
358 553 345 353
368 543 345 353
377 533 345 353
391 519 345 353
401 509 345 353
416 499 345 353
430 491 345 353
440 478 345 353
453 466 345 353
13 889 354 367
28 873 354 367
41 861 354 367
57 848 354 367
67 842 354 367
80 835 354 367
90 824 354 367
106 812 354 367
115 799 354 367
127 788 354 367
136 775 354 367
147 764 354 367
159 752 354 367
170 744 354 367
173 734 354 367
186 725 354 367
201 712 354 367
213 700 354 367
227 688 354 367
240 678 354 367
251 662 354 367
263 651 354 367
277 640 354 367
291 632 354 367
307 620 354 367
315 608 354 367
326 593 354 367
334 580 354 367
344 565 354 367
358 553 354 367
368 543 354 367
377 533 354 367
391 519 354 367
401 509 354 367
416 499 354 367
430 491 354 367
440 478 354 367
453 466 354 367
13 889 368 378
28 873 368 378
41 861 368 378
57 848 368 378
67 835 368 378
80 824 368 378
90 812 368 378
106 799 368 378
115 788 368 378
127 775 368 378
136 764 368 378
147 752 368 378
159 744 368 378
173 734 368 378
186 725 368 378
201 712 368 378
213 700 368 378
227 688 368 378
240 678 368 378
251 662 368 378
263 651 368 378
277 640 368 378
291 632 368 378
307 620 368 378
315 608 368 378
326 593 368 378
334 580 368 378
344 565 368 378
358 553 368 378
368 543 368 378
377 533 368 378
391 519 368 378
401 509 368 378
416 499 368 378
430 491 368 378
440 478 368 378
453 466 368 378
13 889 379 392
28 873 379 392
41 861 379 392
51 858 379 392
57 848 379 392
67 835 379 392
80 824 379 392
90 812 379 392
106 799 379 392
115 788 379 392
127 775 379 392
136 764 379 392
147 752 379 392
159 744 379 392
173 734 379 392
186 725 379 392
201 712 379 392
213 700 379 392
227 688 379 392
240 678 379 392
251 662 379 392
263 651 379 392
277 640 379 392
291 632 379 392
307 620 379 392
315 608 379 392
326 593 379 392
334 580 379 392
344 565 379 392
358 553 379 392
368 543 379 392
377 533 379 392
391 519 379 392
401 509 379 392
416 499 379 392
430 491 379 392
440 478 379 392
453 466 379 392
13 889 393 401
28 873 393 401
41 861 393 401
57 848 393 401
67 835 393 401
80 824 393 401
90 812 393 401
106 799 393 401
115 788 393 401
127 775 393 401
136 764 393 401
147 752 393 401
159 744 393 401
173 734 393 401
186 725 393 401
201 712 393 401
213 700 393 401
227 688 393 401
240 678 393 401
251 662 393 401
263 651 393 401
277 640 393 401
291 632 393 401
307 620 393 401
315 608 393 401
326 593 393 401
334 580 393 401
344 565 393 401
358 553 393 401
368 543 393 401
377 533 393 401
391 519 393 401
401 509 393 401
416 499 393 401
430 491 393 401
440 478 393 401
453 466 393 401
13 889 402 417
28 873 402 417
57 861 402 417
67 848 402 417
80 835 402 417
90 824 402 417
106 812 402 417
115 799 402 417
127 788 402 417
136 778 402 417
147 775 402 417
159 764 402 417
173 752 402 417
186 744 402 417
201 734 402 417
213 725 402 417
227 712 402 417
240 700 402 417
251 688 402 417
263 678 402 417
277 662 402 417
291 651 402 417
307 640 402 417
315 632 402 417
326 620 402 417
334 608 402 417
344 593 402 417
358 580 402 417
368 565 402 417
377 553 402 417
391 543 402 417
401 533 402 417
416 519 402 417
430 509 402 417
440 499 402 417
453 491 402 417
467 478 402 417
13 889 418 425
28 873 418 425
41 861 418 425
57 848 418 425
67 835 418 425
80 824 418 425
90 812 418 425
106 799 418 425
115 788 418 425
127 775 418 425
136 764 418 425
147 752 418 425
159 744 418 425
173 734 418 425
186 725 418 425
201 712 418 425
213 700 418 425
227 688 418 425
240 678 418 425
251 662 418 425
263 651 418 425
277 640 418 425
291 632 418 425
307 620 418 425
315 608 418 425
326 593 418 425
334 580 418 425
344 565 418 425
358 553 418 425
368 543 418 425
377 533 418 425
391 519 418 425
401 509 418 425
416 499 418 425
430 491 418 425
440 478 418 425
453 466 418 425
13 889 426 438
28 873 426 438
41 861 426 438
57 855 426 438
67 848 426 438
80 835 426 438
87 824 426 438
90 812 426 438
106 799 426 438
115 788 426 438
127 775 426 438
136 764 426 438
147 752 426 438
159 744 426 438
173 734 426 438
186 725 426 438
201 712 426 438
213 700 426 438
227 688 426 438
240 678 426 438
251 662 426 438
263 651 426 438
277 640 426 438
291 632 426 438
307 620 426 438
315 608 426 438
326 593 426 438
334 580 426 438
344 565 426 438
358 553 426 438
368 543 426 438
377 533 426 438
391 519 426 438
401 509 426 438
416 499 426 438
430 491 426 438
440 478 426 438
453 466 426 438
13 889 439 446
28 873 439 446
41 861 439 446
57 848 439 446
67 835 439 446
80 824 439 446
90 812 439 446
106 799 439 446
115 788 439 446
127 775 439 446
136 764 439 446
147 752 439 446
159 744 439 446
173 734 439 446
186 725 439 446
201 712 439 446
213 700 439 446
227 688 439 446
240 678 439 446
251 662 439 446
263 651 439 446
277 640 439 446
291 632 439 446
307 620 439 446
315 608 439 446
326 593 439 446
334 580 439 446
344 565 439 446
358 553 439 446
368 543 439 446
377 533 439 446
391 519 439 446
401 509 439 446
416 499 439 446
430 491 439 446
440 478 439 446
453 466 439 446
13 889 447 458
28 873 447 458
41 861 447 458
57 850 447 458
67 848 447 458
71 835 447 458
80 824 447 458
90 812 447 458
106 799 447 458
115 788 447 458
127 775 447 458
136 764 447 458
147 752 447 458
159 744 447 458
173 734 447 458
186 725 447 458
201 712 447 458
213 700 447 458
227 688 447 458
240 678 447 458
251 662 447 458
263 651 447 458
277 640 447 458
291 632 447 458
307 620 447 458
315 608 447 458
326 593 447 458
334 580 447 458
344 565 447 458
358 553 447 458
368 543 447 458
377 533 447 458
391 519 447 458
401 509 447 458
416 499 447 458
430 491 447 458
440 478 447 458
453 466 447 458
13 889 459 471
28 873 459 471
41 861 459 471
57 848 459 471
67 835 459 471
80 824 459 471
90 812 459 471
106 799 459 471
115 788 459 471
127 775 459 471
136 764 459 471
147 752 459 471
159 744 459 471
173 734 459 471
186 725 459 471
201 712 459 471
213 700 459 471
227 688 459 471
240 678 459 471
251 662 459 471
263 651 459 471
277 640 459 471
291 632 459 471
307 620 459 471
315 608 459 471
326 593 459 471
334 580 459 471
344 565 459 471
358 553 459 471
368 543 459 471
377 533 459 471
391 519 459 471
401 509 459 471
416 499 459 471
430 491 459 471
440 478 459 471
453 466 459 471
13 889 472 481
28 873 472 481
41 861 472 481
57 848 472 481
67 835 472 481
80 824 472 481
90 812 472 481
94 799 472 481
106 788 472 481
115 775 472 481
127 772 472 481
136 764 472 481
147 752 472 481
159 744 472 481
173 734 472 481
186 725 472 481
201 712 472 481
213 700 472 481
227 688 472 481
240 678 472 481
251 662 472 481
263 651 472 481
277 640 472 481
291 632 472 481
307 620 472 481
315 608 472 481
326 593 472 481
334 580 472 481
344 565 472 481
358 553 472 481
368 543 472 481
377 533 472 481
391 519 472 481
401 509 472 481
416 499 472 481
430 491 472 481
440 478 472 481
453 466 472 481
13 889 482 490
28 873 482 490
41 861 482 490
57 848 482 490
67 835 482 490
80 824 482 490
90 812 482 490
106 799 482 490
115 788 482 490
127 775 482 490
136 764 482 490
147 752 482 490
159 744 482 490
173 734 482 490
186 725 482 490
201 712 482 490
213 700 482 490
227 688 482 490
240 678 482 490
251 662 482 490
263 651 482 490
277 640 482 490
291 632 482 490
307 620 482 490
315 608 482 490
326 593 482 490
334 580 482 490
344 565 482 490
358 553 482 490
368 543 482 490
377 533 482 490
391 519 482 490
401 509 482 490
416 499 482 490
430 491 482 490
440 478 482 490
453 466 482 490
13 889 491 502
28 873 491 502
41 861 491 502
57 848 491 502
67 835 491 502
80 824 491 502
90 812 491 502
106 799 491 502
115 788 491 502
127 775 491 502
136 764 491 502
145 752 491 502
147 746 491 502
159 744 491 502
173 734 491 502
186 725 491 502
201 712 491 502
213 700 491 502
227 688 491 502
240 678 491 502
251 662 491 502
263 651 491 502
277 640 491 502
291 632 491 502
307 620 491 502
315 608 491 502
326 593 491 502
334 580 491 502
344 565 491 502
358 553 491 502
368 543 491 502
377 533 491 502
391 519 491 502
401 509 491 502
416 499 491 502
430 491 491 502
440 478 491 502
453 466 491 502
13 889 503 513
28 873 503 513
41 861 503 513
57 848 503 513
67 835 503 513
80 824 503 513
90 812 503 513
106 799 503 513
115 788 503 513
127 775 503 513
136 764 503 513
147 752 503 513
159 744 503 513
173 734 503 513
186 725 503 513
201 712 503 513
213 700 503 513
227 688 503 513
240 678 503 513
251 662 503 513
263 651 503 513
277 640 503 513
291 632 503 513
307 620 503 513
315 608 503 513
326 593 503 513
334 580 503 513
344 565 503 513
358 553 503 513
368 543 503 513
377 533 503 513
391 519 503 513
401 509 503 513
416 499 503 513
430 491 503 513
440 478 503 513
453 466 503 513
13 889 514 526
28 873 514 526
41 861 514 526
57 848 514 526
67 835 514 526
80 824 514 526
90 812 514 526
106 799 514 526
107 788 514 526
115 775 514 526
127 764 514 526
136 752 514 526
147 744 514 526
159 734 514 526
173 725 514 526
186 724 514 526
201 712 514 526
213 700 514 526
227 688 514 526
240 678 514 526
251 662 514 526
263 651 514 526
277 640 514 526
291 632 514 526
307 620 514 526
315 608 514 526
326 593 514 526
334 580 514 526
344 565 514 526
358 553 514 526
368 543 514 526
377 533 514 526
391 519 514 526
401 509 514 526
416 499 514 526
430 491 514 526
440 478 514 526
453 466 514 526
13 889 527 535
28 873 527 535
41 861 527 535
57 848 527 535
67 835 527 535
80 824 527 535
90 812 527 535
106 799 527 535
115 788 527 535
127 775 527 535
136 764 527 535
147 752 527 535
159 744 527 535
173 734 527 535
186 725 527 535
201 712 527 535
213 700 527 535
227 688 527 535
240 678 527 535
251 662 527 535
263 651 527 535
277 640 527 535
291 632 527 535
307 620 527 535
315 608 527 535
326 593 527 535
334 580 527 535
344 565 527 535
358 553 527 535
368 543 527 535
377 533 527 535
391 519 527 535
401 509 527 535
416 499 527 535
430 491 527 535
440 478 527 535
453 466 527 535
13 889 536 547
25 873 536 547
28 848 536 547
41 835 536 547
57 824 536 547
67 812 536 547
80 799 536 547
90 788 536 547
106 775 536 547
115 764 536 547
127 752 536 547
136 744 536 547
147 734 536 547
159 725 536 547
173 712 536 547
186 700 536 547
201 688 536 547
213 678 536 547
227 662 536 547
240 651 536 547
251 640 536 547
263 632 536 547
277 620 536 547
291 608 536 547
307 593 536 547
315 580 536 547
326 565 536 547
334 553 536 547
344 543 536 547
358 533 536 547
368 519 536 547
377 509 536 547
391 499 536 547
401 491 536 547
416 478 536 547
430 466 536 547
440 452 536 547
13 889 548 555
28 873 548 555
41 861 548 555
57 848 548 555
67 835 548 555
80 824 548 555
90 812 548 555
106 799 548 555
115 788 548 555
127 775 548 555
136 764 548 555
147 752 548 555
159 744 548 555
173 734 548 555
186 725 548 555
201 712 548 555
213 700 548 555
227 688 548 555
240 678 548 555
251 662 548 555
263 651 548 555
277 640 548 555
291 632 548 555
307 620 548 555
315 608 548 555
326 593 548 555
334 580 548 555
344 565 548 555
358 553 548 555
368 543 548 555
377 533 548 555
391 519 548 555
401 509 548 555
416 499 548 555
430 491 548 555
440 478 548 555
453 466 548 555
13 889 556 569
28 873 556 569
41 861 556 569
57 848 556 569
67 835 556 569
80 824 556 569
90 812 556 569
106 799 556 569
115 788 556 569
127 782 556 569
136 775 556 569
138 764 556 569
147 752 556 569
159 744 556 569
173 734 556 569
186 725 556 569
201 712 556 569
213 700 556 569
227 688 556 569
240 678 556 569
251 662 556 569
263 651 556 569
277 640 556 569
291 632 556 569
307 620 556 569
315 608 556 569
326 593 556 569
334 580 556 569
344 565 556 569
358 553 556 569
368 543 556 569
377 533 556 569
391 519 556 569
401 509 556 569
416 499 556 569
430 491 556 569
440 478 556 569
453 466 556 569
13 889 570 581
28 873 570 581
41 861 570 581
57 848 570 581
67 835 570 581
80 824 570 581
90 812 570 581
106 799 570 581
115 788 570 581
127 775 570 581
136 764 570 581
147 752 570 581
159 744 570 581
173 734 570 581
186 725 570 581
201 712 570 581
213 700 570 581
227 688 570 581
240 678 570 581
251 662 570 581
263 651 570 581
277 640 570 581
291 632 570 581
307 620 570 581
315 608 570 581
326 593 570 581
334 580 570 581
344 565 570 581
358 553 570 581
368 543 570 581
377 533 570 581
391 519 570 581
401 509 570 581
416 499 570 581
430 491 570 581
440 478 570 581
453 466 570 581
13 889 582 594
28 873 582 594
41 861 582 594
57 848 582 594
67 835 582 594
70 824 582 594
80 812 582 594
90 799 582 594
106 788 582 594
115 775 582 594
127 764 582 594
136 752 582 594
147 744 582 594
159 739 582 594
173 734 582 594
186 725 582 594
201 712 582 594
213 700 582 594
227 688 582 594
240 678 582 594
251 662 582 594
263 651 582 594
277 640 582 594
291 632 582 594
307 620 582 594
315 608 582 594
326 593 582 594
334 580 582 594
344 565 582 594
358 553 582 594
368 543 582 594
377 533 582 594
391 519 582 594
401 509 582 594
416 499 582 594
430 491 582 594
440 478 582 594
453 466 582 594
13 889 595 605
28 873 595 605
41 861 595 605
57 848 595 605
67 835 595 605
80 824 595 605
90 812 595 605
106 799 595 605
115 788 595 605
127 775 595 605
136 764 595 605
147 752 595 605
159 744 595 605
173 734 595 605
186 725 595 605
201 712 595 605
213 700 595 605
227 688 595 605
240 678 595 605
251 662 595 605
263 651 595 605
277 640 595 605
291 632 595 605
307 620 595 605
315 608 595 605
326 593 595 605
334 580 595 605
344 565 595 605
358 553 595 605
368 543 595 605
377 533 595 605
391 519 595 605
401 509 595 605
416 499 595 605
430 491 595 605
440 478 595 605
453 466 595 605
13 889 606 615
28 873 606 615
41 861 606 615
57 848 606 615
67 835 606 615
80 824 606 615
90 812 606 615
106 799 606 615
115 788 606 615
127 775 606 615
136 764 606 615
140 762 606 615
147 752 606 615
159 744 606 615
173 734 606 615
186 725 606 615
201 712 606 615
213 700 606 615
227 688 606 615
240 678 606 615
251 662 606 615
263 651 606 615
277 640 606 615
291 632 606 615
307 620 606 615
315 608 606 615
326 593 606 615
334 580 606 615
344 565 606 615
358 553 606 615
368 543 606 615
377 533 606 615
391 519 606 615
401 509 606 615
416 499 606 615
430 491 606 615
440 478 606 615
453 466 606 615
13 889 616 626
28 873 616 626
41 861 616 626
57 848 616 626
67 835 616 626
80 824 616 626
90 812 616 626
106 799 616 626
115 788 616 626
127 775 616 626
136 764 616 626
147 752 616 626
159 744 616 626
173 734 616 626
186 725 616 626
201 712 616 626
213 700 616 626
227 688 616 626
240 678 616 626
251 662 616 626
263 651 616 626
277 640 616 626
291 632 616 626
307 620 616 626
315 608 616 626
326 593 616 626
334 580 616 626
344 565 616 626
358 553 616 626
368 543 616 626
377 533 616 626
391 519 616 626
401 509 616 626
416 499 616 626
430 491 616 626
440 478 616 626
453 466 616 626
13 889 627 640
28 873 627 640
41 861 627 640
57 848 627 640
67 835 627 640
80 824 627 640
90 812 627 640
106 799 627 640
115 788 627 640
118 775 627 640
127 764 627 640
136 754 627 640
147 752 627 640
159 744 627 640
173 734 627 640
186 725 627 640
201 712 627 640
213 700 627 640
227 688 627 640
240 678 627 640
251 662 627 640
263 651 627 640
277 640 627 640
291 632 627 640
307 620 627 640
315 608 627 640
326 593 627 640
334 580 627 640
344 565 627 640
358 553 627 640
368 543 627 640
377 533 627 640
391 519 627 640
401 509 627 640
416 499 627 640
430 491 627 640
440 478 627 640
453 466 627 640
13 889 641 653
28 873 641 653
41 861 641 653
57 848 641 653
67 835 641 653
80 824 641 653
90 812 641 653
106 799 641 653
115 788 641 653
127 775 641 653
136 764 641 653
147 752 641 653
159 744 641 653
173 734 641 653
186 725 641 653
201 712 641 653
213 700 641 653
227 688 641 653
240 678 641 653
251 662 641 653
263 651 641 653
277 640 641 653
291 632 641 653
307 620 641 653
315 608 641 653
326 593 641 653
334 580 641 653
344 565 641 653
358 553 641 653
368 543 641 653
377 533 641 653
391 519 641 653
401 509 641 653
416 499 641 653
430 491 641 653
440 478 641 653
453 466 641 653
13 889 654 663
28 873 654 663
41 861 654 663
57 848 654 663
67 835 654 663
80 824 654 663
90 812 654 663
106 799 654 663
115 788 654 663
127 764 654 663
136 752 654 663
147 744 654 663
159 734 654 663
162 725 654 663
173 712 654 663
186 700 654 663
201 688 654 663
213 678 654 663
227 662 654 663
240 651 654 663
251 640 654 663
263 632 654 663
277 620 654 663
291 608 654 663
307 593 654 663
315 580 654 663
326 565 654 663
334 553 654 663
344 543 654 663
358 533 654 663
368 519 654 663
377 509 654 663
391 499 654 663
401 491 654 663
416 478 654 663
430 466 654 663
440 452 654 663
13 889 664 673
28 873 664 673
41 861 664 673
57 848 664 673
67 835 664 673
80 824 664 673
90 812 664 673
106 799 664 673
115 788 664 673
127 775 664 673
136 764 664 673
147 752 664 673
159 744 664 673
173 734 664 673
186 725 664 673
201 712 664 673
213 700 664 673
227 688 664 673
240 678 664 673
251 662 664 673
263 651 664 673
277 640 664 673
291 632 664 673
307 620 664 673
315 608 664 673
326 593 664 673
334 580 664 673
344 565 664 673
358 553 664 673
368 543 664 673
377 533 664 673
391 519 664 673
401 509 664 673
416 499 664 673
430 491 664 673
440 478 664 673
453 466 664 673
13 889 674 687
28 873 674 687
41 861 674 687
57 848 674 687
67 835 674 687
80 831 674 687
90 824 674 687
106 812 674 687
115 799 674 687
127 788 674 687
136 775 674 687
147 764 674 687
151 752 674 687
159 744 674 687
173 734 674 687
186 725 674 687
201 712 674 687
213 700 674 687
227 688 674 687
240 678 674 687
251 662 674 687
263 651 674 687
277 640 674 687
291 632 674 687
307 620 674 687
315 608 674 687
326 593 674 687
334 580 674 687
344 565 674 687
358 553 674 687
368 543 674 687
377 533 674 687
391 519 674 687
401 509 674 687
416 499 674 687
430 491 674 687
440 478 674 687
453 466 674 687
13 889 688 697
28 873 688 697
41 861 688 697
57 848 688 697
67 835 688 697
80 824 688 697
90 812 688 697
106 799 688 697
115 788 688 697
127 775 688 697
136 764 688 697
147 752 688 697
159 744 688 697
173 734 688 697
186 725 688 697
201 712 688 697
213 700 688 697
227 688 688 697
240 678 688 697
251 662 688 697
263 651 688 697
277 640 688 697
291 632 688 697
307 620 688 697
315 608 688 697
326 593 688 697
334 580 688 697
344 565 688 697
358 553 688 697
368 543 688 697
377 533 688 697
391 519 688 697
401 509 688 697
416 499 688 697
430 491 688 697
440 478 688 697
453 466 688 697
13 889 698 712
28 873 698 712
41 861 698 712
57 848 698 712
58 835 698 712
67 824 698 712
80 812 698 712
90 799 698 712
106 788 698 712
115 775 698 712
127 768 698 712
136 764 698 712
147 752 698 712
159 744 698 712
173 734 698 712
186 725 698 712
201 712 698 712
213 700 698 712
227 688 698 712
240 678 698 712
251 662 698 712
263 651 698 712
277 640 698 712
291 632 698 712
307 620 698 712
315 608 698 712
326 593 698 712
334 580 698 712
344 565 698 712
358 553 698 712
368 543 698 712
377 533 698 712
391 519 698 712
401 509 698 712
416 499 698 712
430 491 698 712
440 478 698 712
453 466 698 712
13 889 713 723
28 873 713 723
41 861 713 723
57 848 713 723
67 835 713 723
80 824 713 723
90 812 713 723
106 799 713 723
115 788 713 723
127 775 713 723
136 764 713 723
147 752 713 723
159 744 713 723
173 734 713 723
186 725 713 723
201 712 713 723
213 700 713 723
227 688 713 723
240 678 713 723
251 662 713 723
263 651 713 723
277 640 713 723
291 632 713 723
307 620 713 723
315 608 713 723
326 593 713 723
334 580 713 723
344 565 713 723
358 553 713 723
368 543 713 723
377 533 713 723
391 519 713 723
401 509 713 723
416 499 713 723
430 491 713 723
440 478 713 723
453 466 713 723
13 889 724 724
28 873 724 724
41 835 724 724
57 824 724 724
67 812 724 724
80 799 724 724
90 788 724 724
106 775 724 724
115 764 724 724
127 752 724 724
136 744 724 724
147 734 724 724
159 725 724 724
173 712 724 724
186 700 724 724
201 688 724 724
213 678 724 724
227 662 724 724
240 651 724 724
251 640 724 724
263 632 724 724
277 620 724 724
291 608 724 724
307 593 724 724
315 580 724 724
326 565 724 724
334 553 724 724
344 543 724 724
358 533 724 724
368 519 724 724
377 509 724 724
391 499 724 724
401 491 724 724
416 478 724 724
430 466 724 724
440 452 724 724
13 889 725 726
28 873 725 726
41 835 725 726
57 824 725 726
67 812 725 726
80 804 725 726
90 799 725 726
106 788 725 726
115 775 725 726
127 764 725 726
136 752 725 726
147 744 725 726
159 734 725 726
162 725 725 726
173 712 725 726
186 700 725 726
201 688 725 726
213 678 725 726
227 662 725 726
240 651 725 726
251 640 725 726
263 632 725 726
277 620 725 726
291 608 725 726
307 593 725 726
315 580 725 726
326 565 725 726
334 553 725 726
344 543 725 726
358 533 725 726
368 519 725 726
377 509 725 726
391 499 725 726
401 466 725 726
416 452 725 726
430 439 725 726
13 835 727 729
28 824 727 729
41 812 727 729
57 804 727 729
67 799 727 729
80 788 727 729
90 775 727 729
106 764 727 729
115 752 727 729
127 744 727 729
136 734 727 729
147 725 727 729
159 712 727 729
162 700 727 729
173 688 727 729
186 678 727 729
201 662 727 729
213 651 727 729
227 640 727 729
240 632 727 729
251 620 727 729
263 608 727 729
277 593 727 729
291 580 727 729
307 565 727 729
315 553 727 729
326 543 727 729
334 533 727 729
344 519 727 729
358 509 727 729
368 499 727 729
377 466 727 729
391 452 727 729
401 439 727 729
416 429 727 729
13 835 730 730
28 824 730 730
41 812 730 730
57 804 730 730
67 799 730 730
80 788 730 730
90 775 730 730
106 764 730 730
115 752 730 730
127 744 730 730
136 734 730 730
147 725 730 730
159 712 730 730
162 700 730 730
173 688 730 730
186 678 730 730
201 662 730 730
213 651 730 730
227 640 730 730
240 632 730 730
251 620 730 730
263 580 730 730
277 565 730 730
291 553 730 730
307 543 730 730
315 533 730 730
326 519 730 730
334 509 730 730
344 499 730 730
358 466 730 730
368 452 730 730
377 439 730 730
391 429 730 730
401 415 730 730
13 835 731 737
28 824 731 737
41 812 731 737
57 804 731 737
67 799 731 737
80 788 731 737
90 775 731 737
106 744 731 737
115 734 731 737
127 725 731 737
136 712 731 737
147 700 731 737
159 688 731 737
162 678 731 737
173 662 731 737
186 651 731 737
201 640 731 737
213 632 731 737
227 620 731 737
240 580 731 737
251 565 731 737
263 553 731 737
277 543 731 737
291 533 731 737
307 519 731 737
315 509 731 737
326 499 731 737
334 466 731 737
344 452 731 737
358 439 731 737
368 429 731 737
377 415 731 737
391 400 731 737
13 835 738 738
28 824 738 738
41 812 738 738
57 804 738 738
67 799 738 738
80 788 738 738
90 775 738 738
106 744 738 738
115 734 738 738
127 725 738 738
136 712 738 738
147 700 738 738
159 688 738 738
162 678 738 738
173 662 738 738
186 651 738 738
201 640 738 738
213 632 738 738
227 620 738 738
240 580 738 738
251 565 738 738
291 553 738 738
307 543 738 738
315 533 738 738
326 519 738 738
334 509 738 738
344 499 738 738
358 466 738 738
368 452 738 738
377 439 738 738
391 429 738 738
401 415 738 738
13 835 739 741
28 824 739 741
41 812 739 741
57 799 739 741
67 788 739 741
80 775 739 741
90 744 739 741
106 734 739 741
115 725 739 741
127 712 739 741
136 700 739 741
147 688 739 741
159 651 739 741
173 640 739 741
186 632 739 741
201 620 739 741
213 580 739 741
227 565 739 741
240 553 739 741
251 543 739 741
291 533 739 741
307 519 739 741
315 509 739 741
326 499 739 741
334 466 739 741
344 452 739 741
358 439 739 741
368 429 739 741
377 415 739 741
391 400 739 741
13 835 742 750
28 824 742 750
41 812 742 750
57 799 742 750
67 788 742 750
80 775 742 750
90 744 742 750
106 734 742 750
115 725 742 750
127 712 742 750
136 700 742 750
147 688 742 750
186 651 742 750
201 640 742 750
213 632 742 750
227 620 742 750
240 580 742 750
251 565 742 750
291 553 742 750
307 543 742 750
315 533 742 750
326 519 742 750
334 509 742 750
344 499 742 750
358 466 742 750
368 452 742 750
377 439 742 750
391 429 742 750
401 415 742 750
13 835 751 753
28 824 751 753
41 812 751 753
57 806 751 753
67 799 751 753
76 788 751 753
80 775 751 753
90 744 751 753
106 734 751 753
115 725 751 753
127 712 751 753
136 700 751 753
147 688 751 753
186 651 751 753
201 640 751 753
213 632 751 753
227 620 751 753
240 580 751 753
251 565 751 753
291 553 751 753
307 543 751 753
315 533 751 753
326 519 751 753
334 509 751 753
344 499 751 753
358 466 751 753
368 452 751 753
377 439 751 753
391 429 751 753
401 415 751 753
13 835 754 755
28 824 754 755
41 812 754 755
57 806 754 755
67 799 754 755
76 788 754 755
80 775 754 755
90 744 754 755
106 734 754 755
115 725 754 755
127 712 754 755
136 700 754 755
147 688 754 755
186 651 754 755
201 640 754 755
213 632 754 755
227 620 754 755
240 580 754 755
251 565 754 755
291 553 754 755
307 543 754 755
315 533 754 755
326 519 754 755
334 509 754 755
344 499 754 755
358 466 754 755
368 452 754 755
377 415 754 755
391 400 754 755
13 835 756 761
28 824 756 761
41 812 756 761
57 806 756 761
67 799 756 761
76 788 756 761
80 775 756 761
90 744 756 761
106 734 756 761
115 725 756 761
127 712 756 761
136 700 756 761
147 688 756 761
186 651 756 761
201 640 756 761
213 632 756 761
227 620 756 761
240 580 756 761
251 565 756 761
291 553 756 761
307 543 756 761
315 533 756 761
326 519 756 761
334 509 756 761
344 499 756 761
358 466 756 761
368 452 756 761
377 390 756 761
13 835 762 762
28 824 762 762
41 812 762 762
57 799 762 762
67 788 762 762
80 775 762 762
90 744 762 762
106 734 762 762
115 725 762 762
127 712 762 762
136 700 762 762
147 688 762 762
186 651 762 762
201 640 762 762
213 632 762 762
227 620 762 762
240 580 762 762
251 565 762 762
291 553 762 762
307 543 762 762
315 533 762 762
326 519 762 762
334 509 762 762
344 499 762 762
358 466 762 762
368 452 762 762
377 390 762 762
13 835 763 763
28 824 763 763
41 812 763 763
57 799 763 763
67 788 763 763
80 775 763 763
90 744 763 763
106 734 763 763
115 725 763 763
127 712 763 763
136 651 763 763
147 640 763 763
186 632 763 763
201 620 763 763
213 580 763 763
227 565 763 763
240 553 763 763
251 543 763 763
291 533 763 763
307 519 763 763
315 509 763 763
326 499 763 763
334 466 763 763
344 452 763 763
358 390 763 763
368 376 763 763
13 835 764 775
28 824 764 775
41 812 764 775
57 799 764 775
67 788 764 775
80 775 764 775
90 744 764 775
106 734 764 775
115 725 764 775
127 712 764 775
136 651 764 775
147 640 764 775
186 632 764 775
201 620 764 775
213 580 764 775
227 565 764 775
240 553 764 775
251 543 764 775
315 533 764 775
326 519 764 775
334 509 764 775
344 499 764 775
358 466 764 775
368 452 764 775
377 390 764 775
13 835 776 781
28 830 776 781
41 824 776 781
57 812 776 781
67 799 776 781
80 788 776 781
90 775 776 781
106 744 776 781
115 734 776 781
127 725 776 781
136 712 776 781
147 651 776 781
171 640 776 781
186 632 776 781
201 620 776 781
213 580 776 781
227 565 776 781
240 553 776 781
251 543 776 781
315 533 776 781
326 519 776 781
334 509 776 781
344 499 776 781
358 466 776 781
368 452 776 781
377 390 776 781
13 835 782 790
28 830 782 790
41 824 782 790
57 812 782 790
67 799 782 790
80 788 782 790
90 775 782 790
106 744 782 790
115 734 782 790
127 651 782 790
136 640 782 790
147 632 782 790
171 620 782 790
186 580 782 790
201 565 782 790
213 553 782 790
227 543 782 790
240 533 782 790
251 519 782 790
315 509 782 790
326 499 782 790
334 466 782 790
344 452 782 790
358 390 782 790
368 376 782 790
13 835 791 792
28 824 791 792
41 812 791 792
57 799 791 792
67 788 791 792
80 775 791 792
90 744 791 792
106 734 791 792
115 651 791 792
127 640 791 792
136 632 791 792
147 620 791 792
186 580 791 792
201 565 791 792
213 553 791 792
227 543 791 792
240 533 791 792
251 519 791 792
315 509 791 792
326 499 791 792
334 466 791 792
344 452 791 792
358 390 791 792
368 376 791 792
13 835 793 793
28 824 793 793
41 812 793 793
57 799 793 793
67 744 793 793
80 734 793 793
90 651 793 793
106 640 793 793
115 632 793 793
127 620 793 793
136 580 793 793
147 565 793 793
186 553 793 793
201 543 793 793
213 533 793 793
227 519 793 793
240 509 793 793
251 499 793 793
315 466 793 793
326 452 793 793
334 390 793 793
344 376 793 793
358 367 793 793
13 835 794 799
28 824 794 799
41 812 794 799
57 799 794 799
67 744 794 799
80 734 794 799
90 651 794 799
106 640 794 799
115 632 794 799
127 620 794 799
136 580 794 799
147 565 794 799
186 553 794 799
201 543 794 799
213 533 794 799
227 519 794 799
315 509 794 799
326 499 794 799
334 466 794 799
344 452 794 799
358 390 794 799
368 376 794 799
13 890 800 802
28 835 800 802
41 824 800 802
57 812 800 802
67 799 800 802
80 744 800 802
90 734 800 802
106 651 800 802
107 640 800 802
115 632 800 802
127 620 800 802
136 580 800 802
147 565 800 802
186 553 800 802
201 543 800 802
213 533 800 802
227 519 800 802
315 509 800 802
326 499 800 802
334 466 800 802
344 452 800 802
358 390 800 802
368 376 800 802
13 890 803 811
28 835 803 811
41 824 803 811
57 812 803 811
67 799 803 811
80 744 803 811
90 734 803 811
106 651 803 811
107 640 803 811
115 632 803 811
127 620 803 811
136 580 803 811
147 565 803 811
186 553 803 811
201 543 803 811
213 533 803 811
227 519 803 811
315 466 803 811
326 452 803 811
334 390 803 811
344 376 803 811
358 367 803 811
13 890 812 812
28 835 812 812
41 824 812 812
57 812 812 812
67 799 812 812
80 651 812 812
90 640 812 812
106 632 812 812
107 620 812 812
115 580 812 812
127 565 812 812
136 553 812 812
147 543 812 812
186 533 812 812
201 519 812 812
213 466 812 812
227 452 812 812
315 390 812 812
326 376 812 812
334 367 812 812
344 357 812 812
13 835 813 825
28 824 813 825
41 812 813 825
57 799 813 825
67 651 813 825
80 640 813 825
90 632 813 825
106 620 813 825
115 580 813 825
127 565 813 825
136 553 813 825
147 543 813 825
186 533 813 825
201 519 813 825
213 466 813 825
227 452 813 825
315 390 813 825
326 376 813 825
334 367 813 825
344 357 813 825
13 835 826 826
28 824 826 826
41 812 826 826
57 799 826 826
67 651 826 826
80 640 826 826
90 580 826 826
106 565 826 826
115 553 826 826
127 543 826 826
136 533 826 826
147 519 826 826
186 466 826 826
201 452 826 826
213 390 826 826
227 376 826 826
315 367 826 826
326 357 826 826
334 343 826 826
8 835 827 829
13 824 827 829
28 812 827 829
41 799 827 829
57 723 827 829
67 651 827 829
80 640 827 829
90 580 827 829
106 565 827 829
115 553 827 829
127 543 827 829
136 533 827 829
147 519 827 829
186 466 827 829
201 452 827 829
213 390 827 829
227 376 827 829
315 367 827 829
326 357 827 829
334 343 827 829
8 835 830 830
13 824 830 830
28 812 830 830
41 799 830 830
57 723 830 830
67 651 830 830
80 640 830 830
90 553 830 830
106 543 830 830
115 533 830 830
127 519 830 830
136 466 830 830
147 452 830 830
186 390 830 830
201 376 830 830
213 367 830 830
227 357 830 830
315 343 830 830
326 333 830 830
8 835 831 836
41 824 831 836
57 812 831 836
67 799 831 836
80 723 831 836
90 651 831 836
106 640 831 836
115 553 831 836
127 543 831 836
136 533 831 836
147 519 831 836
186 466 831 836
201 452 831 836
213 390 831 836
227 376 831 836
315 367 831 836
326 357 831 836
334 343 831 836
41 835 837 837
57 824 837 837
67 812 837 837
80 799 837 837
90 651 837 837
106 640 837 837
115 553 837 837
127 543 837 837
136 533 837 837
147 519 837 837
186 466 837 837
201 452 837 837
213 390 837 837
227 376 837 837
315 367 837 837
326 357 837 837
334 343 837 837
41 835 838 841
57 824 838 841
67 812 838 841
80 799 838 841
90 651 838 841
106 640 838 841
115 553 838 841
127 543 838 841
136 533 838 841
147 519 838 841
186 466 838 841
201 452 838 841
213 390 838 841
227 376 838 841
315 343 838 841
326 333 838 841
41 835 842 844
57 824 842 844
90 812 842 844
106 799 842 844
115 651 842 844
127 640 842 844
136 533 842 844
147 519 842 844
186 466 842 844
201 452 842 844
213 390 842 844
227 376 842 844
315 343 842 844
326 333 842 844
41 835 845 845
57 824 845 845
90 812 845 845
106 799 845 845
115 651 845 845
127 640 845 845
136 533 845 845
147 519 845 845
186 466 845 845
201 452 845 845
213 390 845 845
227 376 845 845
334 343 845 845
34 835 846 846
41 824 846 846
57 812 846 846
90 799 846 846
106 777 846 846
115 651 846 846
127 640 846 846
136 533 846 846
147 519 846 846
186 466 846 846
201 452 846 846
213 390 846 846
227 376 846 846
334 343 846 846
34 835 847 850
41 824 847 850
57 812 847 850
90 799 847 850
106 777 847 850
115 651 847 850
127 640 847 850
136 533 847 850
147 519 847 850
213 466 847 850
227 452 847 850
334 390 847 850
344 376 847 850
34 835 851 857
41 824 851 857
57 812 851 857
90 799 851 857
106 777 851 857
136 651 851 857
147 640 851 857
213 533 851 857
227 519 851 857
334 466 851 857
344 452 851 857
377 390 851 857
41 835 858 858
57 824 858 858
90 651 858 858
106 640 858 858
136 533 858 858
147 519 858 858
213 466 858 858
227 452 858 858
334 390 858 858
344 376 858 858
41 835 859 860
57 824 859 860
90 651 859 860
106 640 859 860
136 466 859 860
147 452 859 860
213 390 859 860
227 376 859 860
334 343 859 860
41 835 861 862
57 824 861 862
90 651 861 862
106 640 861 862
213 466 861 862
227 452 861 862
334 390 861 862
344 376 861 862
41 835 863 865
57 824 863 865
90 651 863 865
106 640 863 865
334 466 863 865
344 452 863 865
377 390 863 865
41 862 866 871
57 835 866 871
90 824 866 871
106 651 866 871
170 640 866 871
334 466 866 871
344 452 866 871
377 390 866 871
41 862 872 874
57 835 872 874
90 824 872 874
106 651 872 874
170 640 872 874
453 466 872 874
41 862 875 875
57 835 875 875
90 824 875 875
106 466 875 875
170 452 875 875
41 862 876 880
57 466 876 880
90 452 876 880
106 169 876 880
41 466 881 889
57 452 881 889
90 105 881 889
90 466 890 897
106 452 890 897
453 466 898 900