194
15 36 3 3
25 26 3 3
15 36 4 4
25 26 4 4
15 36 5 5
25 26 5 5
3 36 6 6
5 34 6 6
7 26 6 6
8 24 6 6
3 36 7 7
5 34 7 7
7 33 7 7
25 26 7 7
3 36 8 8
5 34 8 8
7 33 8 8
25 26 8 8
3 36 9 9
5 34 9 9
7 33 9 9
18 30 9 9
25 26 9 9
5 36 10 10
18 34 10 10
25 33 10 10
27 30 10 10
5 36 11 11
18 34 11 11
25 33 11 11
27 30 11 11
5 36 12 12
18 34 12 12
25 33 12 12
27 30 12 12
5 36 13 13
6 34 13 13
18 33 13 13
22 30 13 13
25 26 13 13
5 39 14 14
6 34 14 14
18 33 14 14
19 30 14 14
22 26 14 14
23 24 14 14
3 39 15 15
5 34 15 15
6 33 15 15
7 26 15 15
18 25 15 15
19 24 15 15
22 22 15 15
2 39 16 16
3 34 16 16
5 33 16 16
6 26 16 16
7 25 16 16
18 24 16 16
19 22 16 16
20 21 16 16
5 39 17 17
7 33 17 17
15 26 17 17
18 25 17 17
19 24 17 17
20 22 17 17
3 39 18 18
5 33 18 18
15 26 18 18
18 25 18 18
19 24 18 18
20 22 18 18
3 39 19 19
9 33 19 19
15 30 19 19
18 26 19 19
19 25 19 19
23 24 19 19
3 39 20 20
9 33 20 20
15 30 20 20
18 26 20 20
19 25 20 20
23 24 20 20
3 39 21 21
9 30 21 21
15 26 21 21
18 25 21 21
19 24 21 21
22 22 21 21
3 39 22 22
9 36 22 22
15 30 22 22
18 25 22 22
19 24 22 22
22 22 22 22
3 39 23 23
9 36 23 23
18 30 23 23
19 25 23 23
22 22 23 23
3 39 24 24
8 36 24 24
9 33 24 24
18 30 24 24
19 25 24 24
22 22 24 24
3 39 25 25
8 36 25 25
9 33 25 25
18 30 25 25
19 25 25 25
22 22 25 25
3 39 26 26
8 36 26 26
9 33 26 26
18 30 26 26
19 25 26 26
22 22 26 26
3 39 27 27
6 36 27 27
8 33 27 27
19 30 27 27
23 25 27 27
3 39 28 28
6 36 28 28
8 33 28 28
18 25 28 28
19 22 28 28
2 36 29 29
3 34 29 29
6 33 29 29
8 24 29 29
9 22 29 29
13 19 29 29
16 17 29 29
2 36 30 30
3 34 30 30
6 33 30 30
8 24 30 30
9 22 30 30
13 19 30 30
16 17 30 30
2 36 31 31
3 34 31 31
6 33 31 31
8 24 31 31
9 22 31 31
13 19 31 31
16 17 31 31
2 39 32 32
3 34 32 32
6 33 32 32
8 24 32 32
9 23 32 32
16 21 32 32
18 19 32 32
2 39 33 33
3 34 33 33
6 33 33 33
8 24 33 33
9 23 33 33
16 21 33 33
18 19 33 33
2 39 34 34
3 34 34 34
6 33 34 34
8 24 34 34
9 23 34 34
16 21 34 34
18 19 34 34
2 34 35 35
3 33 35 35
6 24 35 35
8 21 35 35
9 19 35 35
16 17 35 35
2 34 36 36
3 32 36 36
6 24 36 36
8 19 36 36
16 17 36 36
2 34 37 37
5 32 37 37
16 24 37 37
18 19 37 37
3 23 38 38
5 17 38 38
9 15 38 38
3 30 39 39
16 23 39 39
3 25 40 40
16 23 40 40